# Vitis SSR FFT verification input (L=1024)
# raw STORED integers of ap_fixed<16,2>, unsigned two's-complement
# generated by gen_input.py -- vector kinds mirror the 16-point test
# v0=ramp, v1=pseudo-random, v2=impulse, v3=constant, v4=alternating-extremes, v5=all-most-negative, v6=all-most-positive, v7=mixed-extremes
# format:  <n_vectors> <n_samples>   then one 're im' pair per line, vector-major
8 1024
17 913
2748 6330
5479 11747
8210 17164
10941 22581
13672 27998
16403 33415
19134 38832
21865 44249
24596 49666
27327 55083
30058 60500
32789 381
35520 5798
38251 11215
40982 16632
43713 22049
46444 27466
49175 32883
51906 38300
54637 43717
57368 49134
60099 54551
62830 59968
25 65385
2756 5266
5487 10683
8218 16100
10949 21517
13680 26934
16411 32351
19142 37768
21873 43185
24604 48602
27335 54019
30066 59436
32797 64853
35528 4734
38259 10151
40990 15568
43721 20985
46452 26402
49183 31819
51914 37236
54645 42653
57376 48070
60107 53487
62838 58904
33 64321
2764 4202
5495 9619
8226 15036
10957 20453
13688 25870
16419 31287
19150 36704
21881 42121
24612 47538
27343 52955
30074 58372
32805 63789
35536 3670
38267 9087
40998 14504
43729 19921
46460 25338
49191 30755
51922 36172
54653 41589
57384 47006
60115 52423
62846 57840
41 63257
2772 3138
5503 8555
8234 13972
10965 19389
13696 24806
16427 30223
19158 35640
21889 41057
24620 46474
27351 51891
30082 57308
32813 62725
35544 2606
38275 8023
41006 13440
43737 18857
46468 24274
49199 29691
51930 35108
54661 40525
57392 45942
60123 51359
62854 56776
49 62193
2780 2074
5511 7491
8242 12908
10973 18325
13704 23742
16435 29159
19166 34576
21897 39993
24628 45410
27359 50827
30090 56244
32821 61661
35552 1542
38283 6959
41014 12376
43745 17793
46476 23210
49207 28627
51938 34044
54669 39461
57400 44878
60131 50295
62862 55712
57 61129
2788 1010
5519 6427
8250 11844
10981 17261
13712 22678
16443 28095
19174 33512
21905 38929
24636 44346
27367 49763
30098 55180
32829 60597
35560 478
38291 5895
41022 11312
43753 16729
46484 22146
49215 27563
51946 32980
54677 38397
57408 43814
60139 49231
62870 54648
65 60065
2796 65482
5527 5363
8258 10780
10989 16197
13720 21614
16451 27031
19182 32448
21913 37865
24644 43282
27375 48699
30106 54116
32837 59533
35568 64950
38299 4831
41030 10248
43761 15665
46492 21082
49223 26499
51954 31916
54685 37333
57416 42750
60147 48167
62878 53584
73 59001
2804 64418
5535 4299
8266 9716
10997 15133
13728 20550
16459 25967
19190 31384
21921 36801
24652 42218
27383 47635
30114 53052
32845 58469
35576 63886
38307 3767
41038 9184
43769 14601
46500 20018
49231 25435
51962 30852
54693 36269
57424 41686
60155 47103
62886 52520
81 57937
2812 63354
5543 3235
8274 8652
11005 14069
13736 19486
16467 24903
19198 30320
21929 35737
24660 41154
27391 46571
30122 51988
32853 57405
35584 62822
38315 2703
41046 8120
43777 13537
46508 18954
49239 24371
51970 29788
54701 35205
57432 40622
60163 46039
62894 51456
89 56873
2820 62290
5551 2171
8282 7588
11013 13005
13744 18422
16475 23839
19206 29256
21937 34673
24668 40090
27399 45507
30130 50924
32861 56341
35592 61758
38323 1639
41054 7056
43785 12473
46516 17890
49247 23307
51978 28724
54709 34141
57440 39558
60171 44975
62902 50392
97 55809
2828 61226
5559 1107
8290 6524
11021 11941
13752 17358
16483 22775
19214 28192
21945 33609
24676 39026
27407 44443
30138 49860
32869 55277
35600 60694
38331 575
41062 5992
43793 11409
46524 16826
49255 22243
51986 27660
54717 33077
57448 38494
60179 43911
62910 49328
105 54745
2836 60162
5567 43
8298 5460
11029 10877
13760 16294
16491 21711
19222 27128
21953 32545
24684 37962
27415 43379
30146 48796
32877 54213
35608 59630
38339 65047
41070 4928
43801 10345
46532 15762
49263 21179
51994 26596
54725 32013
57456 37430
60187 42847
62918 48264
113 53681
2844 59098
5575 64515
8306 4396
11037 9813
13768 15230
16499 20647
19230 26064
21961 31481
24692 36898
27423 42315
30154 47732
32885 53149
35616 58566
38347 63983
41078 3864
43809 9281
46540 14698
49271 20115
52002 25532
54733 30949
57464 36366
60195 41783
62926 47200
121 52617
2852 58034
5583 63451
8314 3332
11045 8749
13776 14166
16507 19583
19238 25000
21969 30417
24700 35834
27431 41251
30162 46668
32893 52085
35624 57502
38355 62919
41086 2800
43817 8217
46548 13634
49279 19051
52010 24468
54741 29885
57472 35302
60203 40719
62934 46136
129 51553
2860 56970
5591 62387
8322 2268
11053 7685
13784 13102
16515 18519
19246 23936
21977 29353
24708 34770
27439 40187
30170 45604
32901 51021
35632 56438
38363 61855
41094 1736
43825 7153
46556 12570
49287 17987
52018 23404
54749 28821
57480 34238
60211 39655
62942 45072
137 50489
2868 55906
5599 61323
8330 1204
11061 6621
13792 12038
16523 17455
19254 22872
21985 28289
24716 33706
27447 39123
30178 44540
32909 49957
35640 55374
38371 60791
41102 672
43833 6089
46564 11506
49295 16923
52026 22340
54757 27757
57488 33174
60219 38591
62950 44008
145 49425
2876 54842
5607 60259
8338 140
11069 5557
13800 10974
16531 16391
19262 21808
21993 27225
24724 32642
27455 38059
30186 43476
32917 48893
35648 54310
38379 59727
41110 65144
43841 5025
46572 10442
49303 15859
52034 21276
54765 26693
57496 32110
60227 37527
62958 42944
153 48361
2884 53778
5615 59195
8346 64612
11077 4493
13808 9910
16539 15327
19270 20744
22001 26161
24732 31578
27463 36995
30194 42412
32925 47829
35656 53246
38387 58663
41118 64080
43849 3961
46580 9378
49311 14795
52042 20212
54773 25629
57504 31046
60235 36463
62966 41880
161 47297
2892 52714
5623 58131
8354 63548
11085 3429
13816 8846
16547 14263
19278 19680
22009 25097
24740 30514
27471 35931
30202 41348
32933 46765
35664 52182
38395 57599
41126 63016
43857 2897
46588 8314
49319 13731
52050 19148
54781 24565
57512 29982
60243 35399
62974 40816
169 46233
2900 51650
5631 57067
8362 62484
11093 2365
13824 7782
16555 13199
19286 18616
22017 24033
24748 29450
27479 34867
30210 40284
32941 45701
35672 51118
38403 56535
41134 61952
43865 1833
46596 7250
49327 12667
52058 18084
54789 23501
57520 28918
60251 34335
62982 39752
177 45169
2908 50586
5639 56003
8370 61420
11101 1301
13832 6718
16563 12135
19294 17552
22025 22969
24756 28386
27487 33803
30218 39220
32949 44637
35680 50054
38411 55471
41142 60888
43873 769
46604 6186
49335 11603
52066 17020
54797 22437
57528 27854
60259 33271
62990 38688
185 44105
2916 49522
5647 54939
8378 60356
11109 237
13840 5654
16571 11071
19302 16488
22033 21905
24764 27322
27495 32739
30226 38156
32957 43573
35688 48990
38419 54407
41150 59824
43881 65241
46612 5122
49343 10539
52074 15956
54805 21373
57536 26790
60267 32207
62998 37624
193 43041
2924 48458
5655 53875
8386 59292
11117 64709
13848 4590
16579 10007
19310 15424
22041 20841
24772 26258
27503 31675
30234 37092
32965 42509
35696 47926
38427 53343
41158 58760
43889 64177
46620 4058
49351 9475
52082 14892
54813 20309
57544 25726
60275 31143
63006 36560
201 41977
2932 47394
5663 52811
8394 58228
11125 63645
13856 3526
16587 8943
19318 14360
22049 19777
24780 25194
27511 30611
30242 36028
32973 41445
35704 46862
38435 52279
41166 57696
43897 63113
46628 2994
49359 8411
52090 13828
54821 19245
57552 24662
60283 30079
63014 35496
209 40913
2940 46330
5671 51747
8402 57164
11133 62581
13864 2462
16595 7879
19326 13296
22057 18713
24788 24130
27519 29547
30250 34964
32981 40381
35712 45798
38443 51215
41174 56632
43905 62049
46636 1930
49367 7347
52098 12764
54829 18181
57560 23598
60291 29015
63022 34432
217 39849
2948 45266
5679 50683
8410 56100
11141 61517
13872 1398
16603 6815
19334 12232
22065 17649
24796 23066
27527 28483
30258 33900
32989 39317
35720 44734
38451 50151
41182 55568
43913 60985
46644 866
49375 6283
52106 11700
54837 17117
57568 22534
60299 27951
63030 33368
225 38785
2956 44202
5687 49619
8418 55036
11149 60453
13880 334
16611 5751
19342 11168
22073 16585
24804 22002
27535 27419
30266 32836
32997 38253
35728 43670
38459 49087
41190 54504
43921 59921
46652 65338
49383 5219
52114 10636
54845 16053
57576 21470
60307 26887
63038 32304
233 37721
2964 43138
5695 48555
8426 53972
11157 59389
13888 64806
16619 4687
19350 10104
22081 15521
24812 20938
27543 26355
30274 31772
33005 37189
35736 42606
38467 48023
41198 53440
43929 58857
46660 64274
49391 4155
52122 9572
54853 14989
57584 20406
60315 25823
63046 31240
241 36657
2972 42074
5703 47491
8434 52908
11165 58325
13896 63742
16627 3623
19358 9040
22089 14457
24820 19874
27551 25291
30282 30708
33013 36125
35744 41542
38475 46959
41206 52376
43937 57793
46668 63210
49399 3091
52130 8508
54861 13925
57592 19342
60323 24759
63054 30176
249 35593
2980 41010
5711 46427
8442 51844
11173 57261
13904 62678
16635 2559
19366 7976
22097 13393
24828 18810
27559 24227
30290 29644
33021 35061
35752 40478
38483 45895
41214 51312
43945 56729
46676 62146
49407 2027
52138 7444
54869 12861
57600 18278
60331 23695
63062 29112
257 34529
2988 39946
5719 45363
8450 50780
11181 56197
13912 61614
16643 1495
19374 6912
22105 12329
24836 17746
27567 23163
30298 28580
33029 33997
35760 39414
38491 44831
41222 50248
43953 55665
46684 61082
49415 963
52146 6380
54877 11797
57608 17214
60339 22631
63070 28048
265 33465
2996 38882
5727 44299
8458 49716
11189 55133
13920 60550
16651 431
19382 5848
22113 11265
24844 16682
27575 22099
30306 27516
33037 32933
35768 38350
38499 43767
41230 49184
43961 54601
46692 60018
49423 65435
52154 5316
54885 10733
57616 16150
60347 21567
63078 26984
273 32401
3004 37818
5735 43235
8466 48652
11197 54069
13928 59486
16659 64903
19390 4784
22121 10201
24852 15618
27583 21035
30314 26452
33045 31869
35776 37286
38507 42703
41238 48120
43969 53537
46700 58954
49431 64371
52162 4252
54893 9669
57624 15086
60355 20503
63086 25920
281 31337
3012 36754
5743 42171
8474 47588
11205 53005
13936 58422
16667 63839
19398 3720
22129 9137
24860 14554
27591 19971
30322 25388
33053 30805
35784 36222
38515 41639
41246 47056
43977 52473
46708 57890
49439 63307
52170 3188
54901 8605
57632 14022
60363 19439
63094 24856
289 30273
3020 35690
5751 41107
8482 46524
11213 51941
13944 57358
16675 62775
19406 2656
22137 8073
24868 13490
27599 18907
30330 24324
33061 29741
35792 35158
38523 40575
41254 45992
43985 51409
46716 56826
49447 62243
52178 2124
54909 7541
57640 12958
60371 18375
63102 23792
297 29209
3028 34626
5759 40043
8490 45460
11221 50877
13952 56294
16683 61711
19414 1592
22145 7009
24876 12426
27607 17843
30338 23260
33069 28677
35800 34094
38531 39511
41262 44928
43993 50345
46724 55762
49455 61179
52186 1060
54917 6477
57648 11894
60379 17311
63110 22728
305 28145
3036 33562
5767 38979
8498 44396
11229 49813
13960 55230
16691 60647
19422 528
22153 5945
24884 11362
27615 16779
30346 22196
33077 27613
35808 33030
38539 38447
41270 43864
44001 49281
46732 54698
49463 60115
52194 65532
54925 5413
57656 10830
60387 16247
63118 21664
313 27081
3044 32498
5775 37915
8506 43332
11237 48749
13968 54166
16699 59583
19430 65000
22161 4881
24892 10298
27623 15715
30354 21132
33085 26549
35816 31966
38547 37383
41278 42800
44009 48217
46740 53634
49471 59051
52202 64468
54933 4349
57664 9766
60395 15183
63126 20600
321 26017
3052 31434
5783 36851
8514 42268
11245 47685
13976 53102
16707 58519
19438 63936
22169 3817
24900 9234
27631 14651
30362 20068
33093 25485
35824 30902
38555 36319
41286 41736
44017 47153
46748 52570
49479 57987
52210 63404
54941 3285
57672 8702
60403 14119
63134 19536
329 24953
3060 30370
5791 35787
8522 41204
11253 46621
13984 52038
16715 57455
19446 62872
22177 2753
24908 8170
27639 13587
30370 19004
33101 24421
35832 29838
38563 35255
41294 40672
44025 46089
46756 51506
49487 56923
52218 62340
54949 2221
57680 7638
60411 13055
63142 18472
337 23889
3068 29306
5799 34723
8530 40140
11261 45557
13992 50974
16723 56391
19454 61808
22185 1689
24916 7106
27647 12523
30378 17940
33109 23357
35840 28774
38571 34191
41302 39608
44033 45025
46764 50442
49495 55859
52226 61276
54957 1157
57688 6574
60419 11991
63150 17408
345 22825
3076 28242
5807 33659
8538 39076
11269 44493
14000 49910
16731 55327
19462 60744
22193 625
24924 6042
27655 11459
30386 16876
33117 22293
35848 27710
38579 33127
41310 38544
44041 43961
46772 49378
49503 54795
52234 60212
54965 93
57696 5510
60427 10927
63158 16344
353 21761
3084 27178
5815 32595
8546 38012
11277 43429
14008 48846
16739 54263
19470 59680
22201 65097
24932 4978
27663 10395
30394 15812
33125 21229
35856 26646
38587 32063
41318 37480
61415 10073
21230 19508
46581 28943
6396 38378
31747 47813
57098 57248
16913 1147
42264 10582
2079 20017
27430 29452
52781 38887
12596 48322
37947 57757
63298 1656
23113 11091
48464 20526
8279 29961
33630 39396
58981 48831
18796 58266
44147 2165
3962 11600
29313 21035
54664 30470
14479 39905
39830 49340
65181 58775
24996 2674
50347 12109
10162 21544
35513 30979
60864 40414
20679 49849
46030 59284
5845 3183
31196 12618
56547 22053
16362 31488
41713 40923
1528 50358
26879 59793
52230 3692
12045 13127
37396 22562
62747 31997
22562 41432
47913 50867
7728 60302
33079 4201
58430 13636
18245 23071
43596 32506
3411 41941
28762 51376
54113 60811
13928 4710
39279 14145
64630 23580
24445 33015
49796 42450
9611 51885
34962 61320
60313 5219
20128 14654
45479 24089
5294 33524
30645 42959
55996 52394
15811 61829
41162 5728
977 15163
26328 24598
51679 34033
11494 43468
36845 52903
62196 62338
22011 6237
47362 15672
7177 25107
32528 34542
57879 43977
17694 53412
43045 62847
2860 6746
28211 16181
53562 25616
13377 35051
38728 44486
64079 53921
23894 63356
49245 7255
9060 16690
34411 26125
59762 35560
19577 44995
44928 54430
4743 63865
30094 7764
55445 17199
15260 26634
40611 36069
426 45504
25777 54939
51128 64374
10943 8273
36294 17708
61645 27143
21460 36578
46811 46013
6626 55448
31977 64883
57328 8782
17143 18217
42494 27652
2309 37087
27660 46522
53011 55957
12826 65392
38177 9291
63528 18726
23343 28161
48694 37596
8509 47031
33860 56466
59211 365
19026 9800
44377 19235
4192 28670
29543 38105
54894 47540
14709 56975
40060 874
65411 10309
25226 19744
50577 29179
10392 38614
35743 48049
61094 57484
20909 1383
46260 10818
6075 20253
31426 29688
56777 39123
16592 48558
41943 57993
1758 1892
27109 11327
52460 20762
12275 30197
37626 39632
62977 49067
22792 58502
48143 2401
7958 11836
33309 21271
58660 30706
18475 40141
43826 49576
3641 59011
28992 2910
54343 12345
14158 21780
39509 31215
64860 40650
24675 50085
50026 59520
9841 3419
35192 12854
60543 22289
20358 31724
45709 41159
5524 50594
30875 60029
56226 3928
16041 13363
41392 22798
1207 32233
26558 41668
51909 51103
11724 60538
37075 4437
62426 13872
22241 23307
47592 32742
7407 42177
32758 51612
58109 61047
17924 4946
43275 14381
3090 23816
28441 33251
53792 42686
13607 52121
38958 61556
64309 5455
24124 14890
49475 24325
9290 33760
34641 43195
59992 52630
19807 62065
45158 5964
4973 15399
30324 24834
55675 34269
15490 43704
40841 53139
656 62574
26007 6473
51358 15908
11173 25343
36524 34778
61875 44213
21690 53648
47041 63083
6856 6982
32207 16417
57558 25852
17373 35287
42724 44722
2539 54157
27890 63592
53241 7491
13056 16926
38407 26361
63758 35796
23573 45231
48924 54666
8739 64101
34090 8000
59441 17435
19256 26870
44607 36305
4422 45740
29773 55175
55124 64610
14939 8509
40290 17944
105 27379
25456 36814
50807 46249
10622 55684
35973 65119
61324 9018
21139 18453
46490 27888
6305 37323
31656 46758
57007 56193
16822 92
42173 9527
1988 18962
27339 28397
52690 37832
12505 47267
37856 56702
63207 601
23022 10036
48373 19471
8188 28906
33539 38341
58890 47776
18705 57211
44056 1110
3871 10545
29222 19980
54573 29415
14388 38850
39739 48285
65090 57720
24905 1619
50256 11054
10071 20489
35422 29924
60773 39359
20588 48794
45939 58229
5754 2128
31105 11563
56456 20998
16271 30433
41622 39868
1437 49303
26788 58738
52139 2637
11954 12072
37305 21507
62656 30942
22471 40377
47822 49812
7637 59247
32988 3146
58339 12581
18154 22016
43505 31451
3320 40886
28671 50321
54022 59756
13837 3655
39188 13090
64539 22525
24354 31960
49705 41395
9520 50830
34871 60265
60222 4164
20037 13599
45388 23034
5203 32469
30554 41904
55905 51339
15720 60774
41071 4673
886 14108
26237 23543
51588 32978
11403 42413
36754 51848
62105 61283
21920 5182
47271 14617
7086 24052
32437 33487
57788 42922
17603 52357
42954 61792
2769 5691
28120 15126
53471 24561
13286 33996
38637 43431
63988 52866
23803 62301
49154 6200
8969 15635
34320 25070
59671 34505
19486 43940
44837 53375
4652 62810
30003 6709
55354 16144
15169 25579
40520 35014
335 44449
25686 53884
51037 63319
10852 7218
36203 16653
61554 26088
21369 35523
46720 44958
6535 54393
31886 63828
57237 7727
17052 17162
42403 26597
2218 36032
27569 45467
52920 54902
12735 64337
38086 8236
63437 17671
23252 27106
48603 36541
8418 45976
33769 55411
59120 64846
18935 8745
44286 18180
4101 27615
29452 37050
54803 46485
14618 55920
39969 65355
65320 9254
25135 18689
50486 28124
10301 37559
35652 46994
61003 56429
20818 328
46169 9763
5984 19198
31335 28633
56686 38068
16501 47503
41852 56938
1667 837
27018 10272
52369 19707
12184 29142
37535 38577
62886 48012
22701 57447
48052 1346
7867 10781
33218 20216
58569 29651
18384 39086
43735 48521
3550 57956
28901 1855
54252 11290
14067 20725
39418 30160
64769 39595
24584 49030
49935 58465
9750 2364
35101 11799
60452 21234
20267 30669
45618 40104
5433 49539
30784 58974
56135 2873
15950 12308
41301 21743
1116 31178
26467 40613
51818 50048
11633 59483
36984 3382
62335 12817
22150 22252
47501 31687
7316 41122
32667 50557
58018 59992
17833 3891
43184 13326
2999 22761
28350 32196
53701 41631
13516 51066
38867 60501
64218 4400
24033 13835
49384 23270
9199 32705
34550 42140
59901 51575
19716 61010
45067 4909
4882 14344
30233 23779
55584 33214
15399 42649
40750 52084
565 61519
25916 5418
51267 14853
11082 24288
36433 33723
61784 43158
21599 52593
46950 62028
6765 5927
32116 15362
57467 24797
17282 34232
42633 43667
2448 53102
27799 62537
53150 6436
12965 15871
38316 25306
63667 34741
23482 44176
48833 53611
8648 63046
33999 6945
59350 16380
19165 25815
44516 35250
4331 44685
29682 54120
55033 63555
14848 7454
40199 16889
14 26324
25365 35759
50716 45194
10531 54629
35882 64064
61233 7963
21048 17398
46399 26833
6214 36268
31565 45703
56916 55138
16731 64573
42082 8472
1897 17907
27248 27342
52599 36777
12414 46212
37765 55647
63116 65082
22931 8981
48282 18416
8097 27851
33448 37286
58799 46721
18614 56156
43965 55
3780 9490
29131 18925
54482 28360
14297 37795
39648 47230
64999 56665
24814 564
50165 9999
9980 19434
35331 28869
60682 38304
20497 47739
45848 57174
5663 1073
31014 10508
56365 19943
16180 29378
41531 38813
1346 48248
26697 57683
52048 1582
11863 11017
37214 20452
62565 29887
22380 39322
47731 48757
7546 58192
32897 2091
58248 11526
18063 20961
43414 30396
3229 39831
28580 49266
53931 58701
13746 2600
39097 12035
64448 21470
24263 30905
49614 40340
9429 49775
34780 59210
60131 3109
19946 12544
45297 21979
5112 31414
30463 40849
55814 50284
15629 59719
40980 3618
795 13053
26146 22488
51497 31923
11312 41358
36663 50793
62014 60228
21829 4127
47180 13562
6995 22997
32346 32432
57697 41867
17512 51302
42863 60737
2678 4636
28029 14071
53380 23506
13195 32941
38546 42376
63897 51811
23712 61246
49063 5145
8878 14580
34229 24015
59580 33450
19395 42885
44746 52320
4561 61755
29912 5654
55263 15089
15078 24524
40429 33959
244 43394
25595 52829
50946 62264
10761 6163
36112 15598
61463 25033
21278 34468
46629 43903
6444 53338
31795 62773
57146 6672
16961 16107
42312 25542
2127 34977
27478 44412
52829 53847
12644 63282
37995 7181
63346 16616
23161 26051
48512 35486
8327 44921
33678 54356
59029 63791
18844 7690
44195 17125
4010 26560
29361 35995
54712 45430
14527 54865
39878 64300
65229 8199
25044 17634
50395 27069
10210 36504
35561 45939
60912 55374
20727 64809
46078 8708
5893 18143
31244 27578
56595 37013
16410 46448
41761 55883
1576 65318
26927 9217
52278 18652
12093 28087
37444 37522
62795 46957
22610 56392
47961 291
7776 9726
33127 19161
58478 28596
18293 38031
43644 47466
3459 56901
28810 800
54161 10235
13976 19670
39327 29105
64678 38540
24493 47975
49844 57410
9659 1309
35010 10744
60361 20179
20176 29614
45527 39049
5342 48484
30693 57919
56044 1818
15859 11253
41210 20688
1025 30123
26376 39558
51727 48993
11542 58428
36893 2327
62244 11762
22059 21197
47410 30632
7225 40067
32576 49502
57927 58937
17742 2836
43093 12271
2908 21706
28259 31141
53610 40576
13425 50011
38776 59446
64127 3345
23942 12780
49293 22215
9108 31650
34459 41085
59810 50520
19625 59955
44976 3854
4791 13289
30142 22724
55493 32159
15308 41594
40659 51029
474 60464
25825 4363
51176 13798
10991 23233
36342 32668
61693 42103
21508 51538
46859 60973
6674 4872
32025 14307
57376 23742
17191 33177
42542 42612
2357 52047
27708 61482
53059 5381
12874 14816
38225 24251
63576 33686
23391 43121
48742 52556
8557 61991
33908 5890
59259 15325
19074 24760
44425 34195
4240 43630
29591 53065
54942 62500
14757 6399
40108 15834
65459 25269
25274 34704
50625 44139
10440 53574
35791 63009
61142 6908
20957 16343
46308 25778
6123 35213
31474 44648
56825 54083
16640 63518
41991 7417
1806 16852
27157 26287
52508 35722
12323 45157
37674 54592
63025 64027
22840 7926
48191 17361
8006 26796
33357 36231
58708 45666
18523 55101
43874 64536
3689 8435
29040 17870
54391 27305
14206 36740
39557 46175
64908 55610
24723 65045
50074 8944
9889 18379
35240 27814
60591 37249
20406 46684
45757 56119
5572 18
30923 9453
56274 18888
16089 28323
41440 37758
1255 47193
26606 56628
51957 527
11772 9962
37123 19397
62474 28832
22289 38267
47640 47702
7455 57137
32806 1036
58157 10471
17972 19906
43323 29341
3138 38776
28489 48211
53840 57646
13655 1545
39006 10980
64357 20415
24172 29850
49523 39285
9338 48720
34689 58155
60040 2054
19855 11489
45206 20924
5021 30359
30372 39794
55723 49229
15538 58664
40889 2563
704 11998
26055 21433
51406 30868
11221 40303
36572 49738
61923 59173
21738 3072
47089 12507
6904 21942
32255 31377
57606 40812
17421 50247
42772 59682
2587 3581
27938 13016
53289 22451
13104 31886
38455 41321
63806 50756
23621 60191
48972 4090
8787 13525
34138 22960
59489 32395
19304 41830
44655 51265
4470 60700
29821 4599
55172 14034
14987 23469
40338 32904
153 42339
25504 51774
50855 61209
10670 5108
36021 14543
61372 23978
21187 33413
46538 42848
6353 52283
31704 61718
57055 5617
16870 15052
42221 24487
2036 33922
27387 43357
52738 52792
12553 62227
37904 6126
63255 15561
23070 24996
48421 34431
8236 43866
33587 53301
58938 62736
18753 6635
44104 16070
3919 25505
29270 34940
54621 44375
14436 53810
39787 63245
65138 7144
24953 16579
50304 26014
10119 35449
35470 44884
60821 54319
20636 63754
45987 7653
5802 17088
31153 26523
56504 35958
16319 45393
41670 54828
1485 64263
26836 8162
52187 17597
12002 27032
37353 36467
62704 45902
22519 55337
47870 64772
7685 8671
33036 18106
58387 27541
18202 36976
43553 46411
3368 55846
28719 65281
54070 9180
13885 18615
39236 28050
64587 37485
24402 46920
49753 56355
9568 254
34919 9689
60270 19124
20085 28559
45436 37994
5251 47429
30602 56864
55953 763
15768 10198
41119 19633
934 29068
26285 38503
51636 47938
11451 57373
36802 1272
62153 10707
21968 20142
47319 29577
7134 39012
32485 48447
57836 57882
17651 1781
43002 11216
2817 20651
28168 30086
53519 39521
13334 48956
38685 58391
64036 2290
23851 11725
49202 21160
9017 30595
34368 40030
59719 49465
19534 58900
44885 2799
4700 12234
30051 21669
55402 31104
15217 40539
40568 49974
383 59409
25734 3308
51085 12743
10900 22178
36251 31613
61602 41048
21417 50483
46768 59918
6583 3817
31934 13252
57285 22687
17100 32122
42451 41557
2266 50992
27617 60427
52968 4326
12783 13761
38134 23196
63485 32631
23300 42066
48651 51501
8466 60936
33817 4835
59168 14270
18983 23705
44334 33140
4149 42575
29500 52010
54851 61445
14666 5344
40017 14779
65368 24214
25183 33649
50534 43084
10349 52519
35700 61954
61051 5853
20866 15288
46217 24723
6032 34158
31383 43593
56734 53028
16549 62463
41900 6362
1715 15797
27066 25232
52417 34667
12232 44102
37583 53537
62934 62972
22749 6871
48100 16306
7915 25741
33266 35176
58617 44611
18432 54046
43783 63481
3598 7380
28949 16815
54300 26250
14115 35685
39466 45120
64817 54555
24632 63990
49983 7889
9798 17324
35149 26759
60500 36194
20315 45629
45666 55064
5481 64499
30832 8398
56183 17833
15998 27268
41349 36703
1164 46138
26515 55573
51866 65008
11681 8907
37032 18342
62383 27777
22198 37212
47549 46647
7364 56082
32715 65517
58066 9416
17881 18851
43232 28286
16384 0
0 0
0 0
0 49152
0 0
0 0
0 0
0 0
0 0
0 0
0 0
0 0
0 0
0 0
0 0
0 0
0 0
0 0
0 0
0 0
0 0
0 0
0 0
0 0
0 0
0 0
0 0
0 0
0 0
0 0
0 0
0 0
0 0
0 0
0 0
0 0
0 0
0 0
0 0
0 0
0 0
0 0
0 0
0 0
0 0
0 0
0 0
0 0
0 0
0 0
0 0
0 0
0 0
0 0
0 0
0 0
0 0
0 0
0 0
0 0
0 0
0 0
0 0
0 0
0 0
0 0
0 0
0 0
0 0
0 0
0 0
0 0
0 0
0 0
0 0
0 0
0 0
0 0
0 0
0 0
0 0
0 0
0 0
0 0
0 0
0 0
0 0
0 0
0 0
0 0
0 0
0 0
0 0
0 0
0 0
0 0
0 0
0 0
0 0
0 0
0 0
0 0
0 0
0 0
0 0
0 0
0 0
0 0
0 0
0 0
0 0
0 0
0 0
0 0
0 0
0 0
0 0
0 0
0 0
0 0
0 0
0 0
0 0
0 0
0 0
0 0
0 0
0 0
0 0
0 0
0 0
0 0
0 0
0 0
0 0
0 0
0 0
0 0
0 0
0 0
0 0
0 0
0 0
0 0
0 0
0 0
0 0
0 0
0 0
0 0
0 0
0 0
0 0
0 0
0 0
0 0
0 0
0 0
0 0
0 0
0 0
0 0
0 0
0 0
0 0
0 0
0 0
0 0
0 0
0 0
0 0
0 0
0 0
0 0
0 0
0 0
0 0
0 0
0 0
0 0
0 0
0 0
0 0
0 0
0 0
0 0
0 0
0 0
0 0
0 0
0 0
0 0
0 0
0 0
0 0
0 0
0 0
0 0
0 0
0 0
0 0
0 0
0 0
0 0
0 0
0 0
0 0
0 0
0 0
0 0
0 0
0 0
0 0
0 0
0 0
0 0
0 0
0 0
0 0
0 0
0 0
0 0
0 0
0 0
0 0
0 0
0 0
0 0
0 0
0 0
0 0
0 0
0 0
0 0
0 0
0 0
0 0
0 0
0 0
0 0
0 0
0 0
0 0
0 0
0 0
0 0
0 0
0 0
0 0
0 0
0 0
0 0
0 0
0 0
0 0
0 0
0 0
0 0
0 0
0 0
0 0
0 0
0 0
0 0
0 0
0 0
0 0
0 0
0 0
0 0
0 0
0 0
0 0
0 0
0 0
0 0
0 0
0 0
0 0
0 0
0 0
0 0
0 0
0 0
0 0
0 0
0 0
0 0
0 0
0 0
0 0
0 0
0 0
0 0
0 0
0 0
0 0
0 0
0 0
0 0
0 0
0 0
0 0
0 0
0 0
0 0
0 0
0 0
0 0
0 0
0 0
0 0
0 0
0 0
0 0
0 0
0 0
0 0
0 0
0 0
0 0
0 0
0 0
0 0
0 0
0 0
0 0
0 0
0 0
0 0
0 0
0 0
0 0
0 0
0 0
0 0
0 0
0 0
0 0
0 0
0 0
0 0
0 0
0 0
0 0
0 0
0 0
0 0
0 0
0 0
0 0
0 0
0 0
0 0
0 0
0 0
0 0
0 0
0 0
0 0
0 0
0 0
0 0
0 0
0 0
0 0
0 0
0 0
0 0
0 0
0 0
0 0
0 0
0 0
0 0
0 0
0 0
0 0
0 0
0 0
0 0
0 0
0 0
0 0
0 0
0 0
0 0
0 0
0 0
0 0
0 0
0 0
0 0
0 0
0 0
0 0
0 0
0 0
0 0
0 0
0 0
0 0
0 0
0 0
0 0
0 0
0 0
0 0
0 0
0 0
0 0
0 0
0 0
0 0
0 0
0 0
0 0
0 0
0 0
0 0
0 0
0 0
0 0
0 0
0 0
0 0
0 0
0 0
0 0
0 0
0 0
0 0
0 0
0 0
0 0
0 0
0 0
0 0
0 0
0 0
0 0
0 0
0 0
0 0
0 0
0 0
0 0
0 0
0 0
0 0
0 0
0 0
0 0
0 0
0 0
0 0
0 0
0 0
0 0
0 0
0 0
0 0
0 0
0 0
0 0
0 0
0 0
0 0
0 0
0 0
0 0
0 0
0 0
0 0
0 0
0 0
0 0
0 0
0 0
0 0
0 0
0 0
0 0
0 0
0 0
0 0
0 0
0 0
0 0
0 0
0 0
0 0
0 0
0 0
0 0
0 0
0 0
0 0
0 0
0 0
0 0
0 0
0 0
0 0
0 0
0 0
0 0
0 0
0 0
0 0
0 0
0 0
0 0
0 0
0 0
0 0
0 0
0 0
0 0
0 0
0 0
0 0
0 0
0 0
0 0
0 0
0 0
0 0
0 0
0 0
0 0
0 0
0 0
0 0
0 0
0 0
0 0
0 0
0 0
0 0
0 0
0 0
0 0
0 0
0 0
0 0
0 0
0 0
0 0
0 0
0 0
0 0
0 0
0 0
0 0
0 0
0 0
0 0
0 0
0 0
0 0
0 0
0 0
0 0
0 0
0 0
0 0
0 0
0 0
0 0
0 0
0 0
0 0
0 0
0 0
0 0
0 0
0 0
0 0
0 0
0 0
0 0
0 0
0 0
0 0
0 0
0 0
0 0
0 0
0 0
0 0
0 0
0 0
0 0
0 0
0 0
0 0
0 0
0 0
0 0
0 0
0 0
0 0
0 0
0 0
0 0
0 0
0 0
0 0
0 0
0 0
0 0
0 0
0 0
0 0
0 0
0 0
0 0
0 0
0 0
0 0
0 0
0 0
0 0
0 0
0 0
0 0
0 0
0 0
0 0
0 0
0 0
0 0
0 0
0 0
0 0
0 0
0 0
0 0
0 0
0 0
0 0
0 0
0 0
0 0
0 0
0 0
0 0
0 0
0 0
0 0
0 0
0 0
0 0
0 0
0 0
0 0
0 0
0 0
0 0
0 0
0 0
0 0
0 0
0 0
0 0
0 0
0 0
0 0
0 0
0 0
0 0
0 0
0 0
0 0
0 0
0 0
0 0
0 0
0 0
0 0
0 0
0 0
0 0
0 0
0 0
0 0
0 0
0 0
0 0
0 0
0 0
0 0
0 0
0 0
0 0
0 0
0 0
0 0
0 0
0 0
0 0
0 0
0 0
0 0
0 0
0 0
0 0
0 0
0 0
0 0
0 0
0 0
0 0
0 0
0 0
0 0
0 0
0 0
0 0
0 0
0 0
0 0
0 0
0 0
0 0
0 0
0 0
0 0
0 0
0 0
0 0
0 0
0 0
0 0
0 0
0 0
0 0
0 0
0 0
0 0
0 0
0 0
0 0
0 0
0 0
0 0
0 0
0 0
0 0
0 0
0 0
0 0
0 0
0 0
0 0
0 0
0 0
0 0
0 0
0 0
0 0
0 0
0 0
0 0
0 0
0 0
0 0
0 0
0 0
0 0
0 0
0 0
0 0
0 0
0 0
0 0
0 0
0 0
0 0
0 0
0 0
0 0
0 0
0 0
0 0
0 0
0 0
0 0
0 0
0 0
0 0
0 0
0 0
0 0
0 0
0 0
0 0
0 0
0 0
0 0
0 0
0 0
0 0
0 0
0 0
0 0
0 0
0 0
0 0
0 0
0 0
0 0
0 0
0 0
0 0
0 0
0 0
0 0
0 0
0 0
0 0
0 0
0 0
0 0
0 0
0 0
0 0
0 0
0 0
0 0
0 0
0 0
0 0
0 0
0 0
0 0
0 0
0 0
0 0
0 0
0 0
0 0
0 0
0 0
0 0
0 0
0 0
0 0
0 0
0 0
0 0
0 0
0 0
0 0
0 0
0 0
0 0
0 0
0 0
0 0
0 0
0 0
0 0
0 0
0 0
0 0
0 0
0 0
0 0
0 0
0 0
0 0
0 0
0 0
0 0
0 0
0 0
0 0
0 0
0 0
0 0
0 0
0 0
0 0
0 0
0 0
0 0
0 0
0 0
0 0
0 0
0 0
0 0
0 0
0 0
0 0
0 0
0 0
0 0
0 0
0 0
0 0
0 0
0 0
0 0
0 0
0 0
0 0
0 0
0 0
0 0
0 0
0 0
0 0
0 0
0 0
0 0
0 0
0 0
0 0
0 0
0 0
0 0
0 0
0 0
0 0
0 0
0 0
0 0
0 0
0 0
0 0
0 0
0 0
0 0
0 0
0 0
0 0
0 0
0 0
0 0
0 0
0 0
0 0
0 0
0 0
0 0
0 0
0 0
0 0
0 0
0 0
0 0
0 0
0 0
0 0
0 0
0 0
0 0
0 0
0 0
0 0
0 0
0 0
0 0
0 0
0 0
0 0
0 0
0 0
0 0
0 0
0 0
0 0
0 0
0 0
0 0
0 0
0 0
0 0
0 0
0 0
0 0
0 0
0 0
0 0
0 0
0 0
0 0
0 0
0 0
0 0
0 0
0 0
0 0
0 0
0 0
0 0
0 0
0 0
0 0
0 0
0 0
0 0
0 0
0 0
0 0
0 0
0 0
0 0
0 0
0 0
0 0
0 0
0 0
0 0
0 0
0 0
0 0
0 0
0 0
0 0
0 0
12345 55660
12345 55660
12345 55660
12345 55660
12345 55660
12345 55660
12345 55660
12345 55660
12345 55660
12345 55660
12345 55660
12345 55660
12345 55660
12345 55660
12345 55660
12345 55660
12345 55660
12345 55660
12345 55660
12345 55660
12345 55660
12345 55660
12345 55660
12345 55660
12345 55660
12345 55660
12345 55660
12345 55660
12345 55660
12345 55660
12345 55660
12345 55660
12345 55660
12345 55660
12345 55660
12345 55660
12345 55660
12345 55660
12345 55660
12345 55660
12345 55660
12345 55660
12345 55660
12345 55660
12345 55660
12345 55660
12345 55660
12345 55660
12345 55660
12345 55660
12345 55660
12345 55660
12345 55660
12345 55660
12345 55660
12345 55660
12345 55660
12345 55660
12345 55660
12345 55660
12345 55660
12345 55660
12345 55660
12345 55660
12345 55660
12345 55660
12345 55660
12345 55660
12345 55660
12345 55660
12345 55660
12345 55660
12345 55660
12345 55660
12345 55660
12345 55660
12345 55660
12345 55660
12345 55660
12345 55660
12345 55660
12345 55660
12345 55660
12345 55660
12345 55660
12345 55660
12345 55660
12345 55660
12345 55660
12345 55660
12345 55660
12345 55660
12345 55660
12345 55660
12345 55660
12345 55660
12345 55660
12345 55660
12345 55660
12345 55660
12345 55660
12345 55660
12345 55660
12345 55660
12345 55660
12345 55660
12345 55660
12345 55660
12345 55660
12345 55660
12345 55660
12345 55660
12345 55660
12345 55660
12345 55660
12345 55660
12345 55660
12345 55660
12345 55660
12345 55660
12345 55660
12345 55660
12345 55660
12345 55660
12345 55660
12345 55660
12345 55660
12345 55660
12345 55660
12345 55660
12345 55660
12345 55660
12345 55660
12345 55660
12345 55660
12345 55660
12345 55660
12345 55660
12345 55660
12345 55660
12345 55660
12345 55660
12345 55660
12345 55660
12345 55660
12345 55660
12345 55660
12345 55660
12345 55660
12345 55660
12345 55660
12345 55660
12345 55660
12345 55660
12345 55660
12345 55660
12345 55660
12345 55660
12345 55660
12345 55660
12345 55660
12345 55660
12345 55660
12345 55660
12345 55660
12345 55660
12345 55660
12345 55660
12345 55660
12345 55660
12345 55660
12345 55660
12345 55660
12345 55660
12345 55660
12345 55660
12345 55660
12345 55660
12345 55660
12345 55660
12345 55660
12345 55660
12345 55660
12345 55660
12345 55660
12345 55660
12345 55660
12345 55660
12345 55660
12345 55660
12345 55660
12345 55660
12345 55660
12345 55660
12345 55660
12345 55660
12345 55660
12345 55660
12345 55660
12345 55660
12345 55660
12345 55660
12345 55660
12345 55660
12345 55660
12345 55660
12345 55660
12345 55660
12345 55660
12345 55660
12345 55660
12345 55660
12345 55660
12345 55660
12345 55660
12345 55660
12345 55660
12345 55660
12345 55660
12345 55660
12345 55660
12345 55660
12345 55660
12345 55660
12345 55660
12345 55660
12345 55660
12345 55660
12345 55660
12345 55660
12345 55660
12345 55660
12345 55660
12345 55660
12345 55660
12345 55660
12345 55660
12345 55660
12345 55660
12345 55660
12345 55660
12345 55660
12345 55660
12345 55660
12345 55660
12345 55660
12345 55660
12345 55660
12345 55660
12345 55660
12345 55660
12345 55660
12345 55660
12345 55660
12345 55660
12345 55660
12345 55660
12345 55660
12345 55660
12345 55660
12345 55660
12345 55660
12345 55660
12345 55660
12345 55660
12345 55660
12345 55660
12345 55660
12345 55660
12345 55660
12345 55660
12345 55660
12345 55660
12345 55660
12345 55660
12345 55660
12345 55660
12345 55660
12345 55660
12345 55660
12345 55660
12345 55660
12345 55660
12345 55660
12345 55660
12345 55660
12345 55660
12345 55660
12345 55660
12345 55660
12345 55660
12345 55660
12345 55660
12345 55660
12345 55660
12345 55660
12345 55660
12345 55660
12345 55660
12345 55660
12345 55660
12345 55660
12345 55660
12345 55660
12345 55660
12345 55660
12345 55660
12345 55660
12345 55660
12345 55660
12345 55660
12345 55660
12345 55660
12345 55660
12345 55660
12345 55660
12345 55660
12345 55660
12345 55660
12345 55660
12345 55660
12345 55660
12345 55660
12345 55660
12345 55660
12345 55660
12345 55660
12345 55660
12345 55660
12345 55660
12345 55660
12345 55660
12345 55660
12345 55660
12345 55660
12345 55660
12345 55660
12345 55660
12345 55660
12345 55660
12345 55660
12345 55660
12345 55660
12345 55660
12345 55660
12345 55660
12345 55660
12345 55660
12345 55660
12345 55660
12345 55660
12345 55660
12345 55660
12345 55660
12345 55660
12345 55660
12345 55660
12345 55660
12345 55660
12345 55660
12345 55660
12345 55660
12345 55660
12345 55660
12345 55660
12345 55660
12345 55660
12345 55660
12345 55660
12345 55660
12345 55660
12345 55660
12345 55660
12345 55660
12345 55660
12345 55660
12345 55660
12345 55660
12345 55660
12345 55660
12345 55660
12345 55660
12345 55660
12345 55660
12345 55660
12345 55660
12345 55660
12345 55660
12345 55660
12345 55660
12345 55660
12345 55660
12345 55660
12345 55660
12345 55660
12345 55660
12345 55660
12345 55660
12345 55660
12345 55660
12345 55660
12345 55660
12345 55660
12345 55660
12345 55660
12345 55660
12345 55660
12345 55660
12345 55660
12345 55660
12345 55660
12345 55660
12345 55660
12345 55660
12345 55660
12345 55660
12345 55660
12345 55660
12345 55660
12345 55660
12345 55660
12345 55660
12345 55660
12345 55660
12345 55660
12345 55660
12345 55660
12345 55660
12345 55660
12345 55660
12345 55660
12345 55660
12345 55660
12345 55660
12345 55660
12345 55660
12345 55660
12345 55660
12345 55660
12345 55660
12345 55660
12345 55660
12345 55660
12345 55660
12345 55660
12345 55660
12345 55660
12345 55660
12345 55660
12345 55660
12345 55660
12345 55660
12345 55660
12345 55660
12345 55660
12345 55660
12345 55660
12345 55660
12345 55660
12345 55660
12345 55660
12345 55660
12345 55660
12345 55660
12345 55660
12345 55660
12345 55660
12345 55660
12345 55660
12345 55660
12345 55660
12345 55660
12345 55660
12345 55660
12345 55660
12345 55660
12345 55660
12345 55660
12345 55660
12345 55660
12345 55660
12345 55660
12345 55660
12345 55660
12345 55660
12345 55660
12345 55660
12345 55660
12345 55660
12345 55660
12345 55660
12345 55660
12345 55660
12345 55660
12345 55660
12345 55660
12345 55660
12345 55660
12345 55660
12345 55660
12345 55660
12345 55660
12345 55660
12345 55660
12345 55660
12345 55660
12345 55660
12345 55660
12345 55660
12345 55660
12345 55660
12345 55660
12345 55660
12345 55660
12345 55660
12345 55660
12345 55660
12345 55660
12345 55660
12345 55660
12345 55660
12345 55660
12345 55660
12345 55660
12345 55660
12345 55660
12345 55660
12345 55660
12345 55660
12345 55660
12345 55660
12345 55660
12345 55660
12345 55660
12345 55660
12345 55660
12345 55660
12345 55660
12345 55660
12345 55660
12345 55660
12345 55660
12345 55660
12345 55660
12345 55660
12345 55660
12345 55660
12345 55660
12345 55660
12345 55660
12345 55660
12345 55660
12345 55660
12345 55660
12345 55660
12345 55660
12345 55660
12345 55660
12345 55660
12345 55660
12345 55660
12345 55660
12345 55660
12345 55660
12345 55660
12345 55660
12345 55660
12345 55660
12345 55660
12345 55660
12345 55660
12345 55660
12345 55660
12345 55660
12345 55660
12345 55660
12345 55660
12345 55660
12345 55660
12345 55660
12345 55660
12345 55660
12345 55660
12345 55660
12345 55660
12345 55660
12345 55660
12345 55660
12345 55660
12345 55660
12345 55660
12345 55660
12345 55660
12345 55660
12345 55660
12345 55660
12345 55660
12345 55660
12345 55660
12345 55660
12345 55660
12345 55660
12345 55660
12345 55660
12345 55660
12345 55660
12345 55660
12345 55660
12345 55660
12345 55660
12345 55660
12345 55660
12345 55660
12345 55660
12345 55660
12345 55660
12345 55660
12345 55660
12345 55660
12345 55660
12345 55660
12345 55660
12345 55660
12345 55660
12345 55660
12345 55660
12345 55660
12345 55660
12345 55660
12345 55660
12345 55660
12345 55660
12345 55660
12345 55660
12345 55660
12345 55660
12345 55660
12345 55660
12345 55660
12345 55660
12345 55660
12345 55660
12345 55660
12345 55660
12345 55660
12345 55660
12345 55660
12345 55660
12345 55660
12345 55660
12345 55660
12345 55660
12345 55660
12345 55660
12345 55660
12345 55660
12345 55660
12345 55660
12345 55660
12345 55660
12345 55660
12345 55660
12345 55660
12345 55660
12345 55660
12345 55660
12345 55660
12345 55660
12345 55660
12345 55660
12345 55660
12345 55660
12345 55660
12345 55660
12345 55660
12345 55660
12345 55660
12345 55660
12345 55660
12345 55660
12345 55660
12345 55660
12345 55660
12345 55660
12345 55660
12345 55660
12345 55660
12345 55660
12345 55660
12345 55660
12345 55660
12345 55660
12345 55660
12345 55660
12345 55660
12345 55660
12345 55660
12345 55660
12345 55660
12345 55660
12345 55660
12345 55660
12345 55660
12345 55660
12345 55660
12345 55660
12345 55660
12345 55660
12345 55660
12345 55660
12345 55660
12345 55660
12345 55660
12345 55660
12345 55660
12345 55660
12345 55660
12345 55660
12345 55660
12345 55660
12345 55660
12345 55660
12345 55660
12345 55660
12345 55660
12345 55660
12345 55660
12345 55660
12345 55660
12345 55660
12345 55660
12345 55660
12345 55660
12345 55660
12345 55660
12345 55660
12345 55660
12345 55660
12345 55660
12345 55660
12345 55660
12345 55660
12345 55660
12345 55660
12345 55660
12345 55660
12345 55660
12345 55660
12345 55660
12345 55660
12345 55660
12345 55660
12345 55660
12345 55660
12345 55660
12345 55660
12345 55660
12345 55660
12345 55660
12345 55660
12345 55660
12345 55660
12345 55660
12345 55660
12345 55660
12345 55660
12345 55660
12345 55660
12345 55660
12345 55660
12345 55660
12345 55660
12345 55660
12345 55660
12345 55660
12345 55660
12345 55660
12345 55660
12345 55660
12345 55660
12345 55660
12345 55660
12345 55660
12345 55660
12345 55660
12345 55660
12345 55660
12345 55660
12345 55660
12345 55660
12345 55660
12345 55660
12345 55660
12345 55660
12345 55660
12345 55660
12345 55660
12345 55660
12345 55660
12345 55660
12345 55660
12345 55660
12345 55660
12345 55660
12345 55660
12345 55660
12345 55660
12345 55660
12345 55660
12345 55660
12345 55660
12345 55660
12345 55660
12345 55660
12345 55660
12345 55660
12345 55660
12345 55660
12345 55660
12345 55660
12345 55660
12345 55660
12345 55660
12345 55660
12345 55660
12345 55660
12345 55660
12345 55660
12345 55660
12345 55660
12345 55660
12345 55660
12345 55660
12345 55660
12345 55660
12345 55660
12345 55660
12345 55660
12345 55660
12345 55660
12345 55660
12345 55660
12345 55660
12345 55660
12345 55660
12345 55660
12345 55660
12345 55660
12345 55660
12345 55660
12345 55660
12345 55660
12345 55660
12345 55660
12345 55660
12345 55660
12345 55660
12345 55660
12345 55660
12345 55660
12345 55660
12345 55660
12345 55660
12345 55660
12345 55660
12345 55660
12345 55660
12345 55660
12345 55660
12345 55660
12345 55660
12345 55660
12345 55660
12345 55660
12345 55660
12345 55660
12345 55660
12345 55660
12345 55660
12345 55660
12345 55660
12345 55660
12345 55660
12345 55660
12345 55660
12345 55660
12345 55660
12345 55660
12345 55660
12345 55660
12345 55660
12345 55660
12345 55660
12345 55660
12345 55660
12345 55660
12345 55660
12345 55660
12345 55660
12345 55660
12345 55660
12345 55660
12345 55660
12345 55660
12345 55660
12345 55660
12345 55660
12345 55660
12345 55660
12345 55660
12345 55660
12345 55660
12345 55660
12345 55660
12345 55660
12345 55660
12345 55660
12345 55660
12345 55660
12345 55660
12345 55660
12345 55660
12345 55660
12345 55660
12345 55660
12345 55660
12345 55660
12345 55660
12345 55660
12345 55660
12345 55660
12345 55660
12345 55660
12345 55660
12345 55660
12345 55660
12345 55660
12345 55660
12345 55660
12345 55660
12345 55660
12345 55660
12345 55660
12345 55660
12345 55660
12345 55660
12345 55660
12345 55660
12345 55660
12345 55660
12345 55660
12345 55660
12345 55660
12345 55660
12345 55660
12345 55660
12345 55660
12345 55660
12345 55660
12345 55660
12345 55660
12345 55660
12345 55660
12345 55660
12345 55660
12345 55660
12345 55660
12345 55660
12345 55660
12345 55660
12345 55660
12345 55660
12345 55660
12345 55660
12345 55660
12345 55660
12345 55660
12345 55660
12345 55660
12345 55660
12345 55660
12345 55660
12345 55660
12345 55660
12345 55660
12345 55660
12345 55660
12345 55660
12345 55660
12345 55660
12345 55660
12345 55660
12345 55660
12345 55660
12345 55660
12345 55660
12345 55660
12345 55660
12345 55660
12345 55660
12345 55660
12345 55660
12345 55660
12345 55660
12345 55660
12345 55660
12345 55660
12345 55660
12345 55660
12345 55660
12345 55660
12345 55660
12345 55660
12345 55660
12345 55660
12345 55660
12345 55660
12345 55660
12345 55660
12345 55660
12345 55660
12345 55660
12345 55660
12345 55660
32768 32767
32767 32768
32768 32767
32767 32768
32768 32767
32767 32768
32768 32767
32767 32768
32768 32767
32767 32768
32768 32767
32767 32768
32768 32767
32767 32768
32768 32767
32767 32768
32768 32767
32767 32768
32768 32767
32767 32768
32768 32767
32767 32768
32768 32767
32767 32768
32768 32767
32767 32768
32768 32767
32767 32768
32768 32767
32767 32768
32768 32767
32767 32768
32768 32767
32767 32768
32768 32767
32767 32768
32768 32767
32767 32768
32768 32767
32767 32768
32768 32767
32767 32768
32768 32767
32767 32768
32768 32767
32767 32768
32768 32767
32767 32768
32768 32767
32767 32768
32768 32767
32767 32768
32768 32767
32767 32768
32768 32767
32767 32768
32768 32767
32767 32768
32768 32767
32767 32768
32768 32767
32767 32768
32768 32767
32767 32768
32768 32767
32767 32768
32768 32767
32767 32768
32768 32767
32767 32768
32768 32767
32767 32768
32768 32767
32767 32768
32768 32767
32767 32768
32768 32767
32767 32768
32768 32767
32767 32768
32768 32767
32767 32768
32768 32767
32767 32768
32768 32767
32767 32768
32768 32767
32767 32768
32768 32767
32767 32768
32768 32767
32767 32768
32768 32767
32767 32768
32768 32767
32767 32768
32768 32767
32767 32768
32768 32767
32767 32768
32768 32767
32767 32768
32768 32767
32767 32768
32768 32767
32767 32768
32768 32767
32767 32768
32768 32767
32767 32768
32768 32767
32767 32768
32768 32767
32767 32768
32768 32767
32767 32768
32768 32767
32767 32768
32768 32767
32767 32768
32768 32767
32767 32768
32768 32767
32767 32768
32768 32767
32767 32768
32768 32767
32767 32768
32768 32767
32767 32768
32768 32767
32767 32768
32768 32767
32767 32768
32768 32767
32767 32768
32768 32767
32767 32768
32768 32767
32767 32768
32768 32767
32767 32768
32768 32767
32767 32768
32768 32767
32767 32768
32768 32767
32767 32768
32768 32767
32767 32768
32768 32767
32767 32768
32768 32767
32767 32768
32768 32767
32767 32768
32768 32767
32767 32768
32768 32767
32767 32768
32768 32767
32767 32768
32768 32767
32767 32768
32768 32767
32767 32768
32768 32767
32767 32768
32768 32767
32767 32768
32768 32767
32767 32768
32768 32767
32767 32768
32768 32767
32767 32768
32768 32767
32767 32768
32768 32767
32767 32768
32768 32767
32767 32768
32768 32767
32767 32768
32768 32767
32767 32768
32768 32767
32767 32768
32768 32767
32767 32768
32768 32767
32767 32768
32768 32767
32767 32768
32768 32767
32767 32768
32768 32767
32767 32768
32768 32767
32767 32768
32768 32767
32767 32768
32768 32767
32767 32768
32768 32767
32767 32768
32768 32767
32767 32768
32768 32767
32767 32768
32768 32767
32767 32768
32768 32767
32767 32768
32768 32767
32767 32768
32768 32767
32767 32768
32768 32767
32767 32768
32768 32767
32767 32768
32768 32767
32767 32768
32768 32767
32767 32768
32768 32767
32767 32768
32768 32767
32767 32768
32768 32767
32767 32768
32768 32767
32767 32768
32768 32767
32767 32768
32768 32767
32767 32768
32768 32767
32767 32768
32768 32767
32767 32768
32768 32767
32767 32768
32768 32767
32767 32768
32768 32767
32767 32768
32768 32767
32767 32768
32768 32767
32767 32768
32768 32767
32767 32768
32768 32767
32767 32768
32768 32767
32767 32768
32768 32767
32767 32768
32768 32767
32767 32768
32768 32767
32767 32768
32768 32767
32767 32768
32768 32767
32767 32768
32768 32767
32767 32768
32768 32767
32767 32768
32768 32767
32767 32768
32768 32767
32767 32768
32768 32767
32767 32768
32768 32767
32767 32768
32768 32767
32767 32768
32768 32767
32767 32768
32768 32767
32767 32768
32768 32767
32767 32768
32768 32767
32767 32768
32768 32767
32767 32768
32768 32767
32767 32768
32768 32767
32767 32768
32768 32767
32767 32768
32768 32767
32767 32768
32768 32767
32767 32768
32768 32767
32767 32768
32768 32767
32767 32768
32768 32767
32767 32768
32768 32767
32767 32768
32768 32767
32767 32768
32768 32767
32767 32768
32768 32767
32767 32768
32768 32767
32767 32768
32768 32767
32767 32768
32768 32767
32767 32768
32768 32767
32767 32768
32768 32767
32767 32768
32768 32767
32767 32768
32768 32767
32767 32768
32768 32767
32767 32768
32768 32767
32767 32768
32768 32767
32767 32768
32768 32767
32767 32768
32768 32767
32767 32768
32768 32767
32767 32768
32768 32767
32767 32768
32768 32767
32767 32768
32768 32767
32767 32768
32768 32767
32767 32768
32768 32767
32767 32768
32768 32767
32767 32768
32768 32767
32767 32768
32768 32767
32767 32768
32768 32767
32767 32768
32768 32767
32767 32768
32768 32767
32767 32768
32768 32767
32767 32768
32768 32767
32767 32768
32768 32767
32767 32768
32768 32767
32767 32768
32768 32767
32767 32768
32768 32767
32767 32768
32768 32767
32767 32768
32768 32767
32767 32768
32768 32767
32767 32768
32768 32767
32767 32768
32768 32767
32767 32768
32768 32767
32767 32768
32768 32767
32767 32768
32768 32767
32767 32768
32768 32767
32767 32768
32768 32767
32767 32768
32768 32767
32767 32768
32768 32767
32767 32768
32768 32767
32767 32768
32768 32767
32767 32768
32768 32767
32767 32768
32768 32767
32767 32768
32768 32767
32767 32768
32768 32767
32767 32768
32768 32767
32767 32768
32768 32767
32767 32768
32768 32767
32767 32768
32768 32767
32767 32768
32768 32767
32767 32768
32768 32767
32767 32768
32768 32767
32767 32768
32768 32767
32767 32768
32768 32767
32767 32768
32768 32767
32767 32768
32768 32767
32767 32768
32768 32767
32767 32768
32768 32767
32767 32768
32768 32767
32767 32768
32768 32767
32767 32768
32768 32767
32767 32768
32768 32767
32767 32768
32768 32767
32767 32768
32768 32767
32767 32768
32768 32767
32767 32768
32768 32767
32767 32768
32768 32767
32767 32768
32768 32767
32767 32768
32768 32767
32767 32768
32768 32767
32767 32768
32768 32767
32767 32768
32768 32767
32767 32768
32768 32767
32767 32768
32768 32767
32767 32768
32768 32767
32767 32768
32768 32767
32767 32768
32768 32767
32767 32768
32768 32767
32767 32768
32768 32767
32767 32768
32768 32767
32767 32768
32768 32767
32767 32768
32768 32767
32767 32768
32768 32767
32767 32768
32768 32767
32767 32768
32768 32767
32767 32768
32768 32767
32767 32768
32768 32767
32767 32768
32768 32767
32767 32768
32768 32767
32767 32768
32768 32767
32767 32768
32768 32767
32767 32768
32768 32767
32767 32768
32768 32767
32767 32768
32768 32767
32767 32768
32768 32767
32767 32768
32768 32767
32767 32768
32768 32767
32767 32768
32768 32767
32767 32768
32768 32767
32767 32768
32768 32767
32767 32768
32768 32767
32767 32768
32768 32767
32767 32768
32768 32767
32767 32768
32768 32767
32767 32768
32768 32767
32767 32768
32768 32767
32767 32768
32768 32767
32767 32768
32768 32767
32767 32768
32768 32767
32767 32768
32768 32767
32767 32768
32768 32767
32767 32768
32768 32767
32767 32768
32768 32767
32767 32768
32768 32767
32767 32768
32768 32767
32767 32768
32768 32767
32767 32768
32768 32767
32767 32768
32768 32767
32767 32768
32768 32767
32767 32768
32768 32767
32767 32768
32768 32767
32767 32768
32768 32767
32767 32768
32768 32767
32767 32768
32768 32767
32767 32768
32768 32767
32767 32768
32768 32767
32767 32768
32768 32767
32767 32768
32768 32767
32767 32768
32768 32767
32767 32768
32768 32767
32767 32768
32768 32767
32767 32768
32768 32767
32767 32768
32768 32767
32767 32768
32768 32767
32767 32768
32768 32767
32767 32768
32768 32767
32767 32768
32768 32767
32767 32768
32768 32767
32767 32768
32768 32767
32767 32768
32768 32767
32767 32768
32768 32767
32767 32768
32768 32767
32767 32768
32768 32767
32767 32768
32768 32767
32767 32768
32768 32767
32767 32768
32768 32767
32767 32768
32768 32767
32767 32768
32768 32767
32767 32768
32768 32767
32767 32768
32768 32767
32767 32768
32768 32767
32767 32768
32768 32767
32767 32768
32768 32767
32767 32768
32768 32767
32767 32768
32768 32767
32767 32768
32768 32767
32767 32768
32768 32767
32767 32768
32768 32767
32767 32768
32768 32767
32767 32768
32768 32767
32767 32768
32768 32767
32767 32768
32768 32767
32767 32768
32768 32767
32767 32768
32768 32767
32767 32768
32768 32767
32767 32768
32768 32767
32767 32768
32768 32767
32767 32768
32768 32767
32767 32768
32768 32767
32767 32768
32768 32767
32767 32768
32768 32767
32767 32768
32768 32767
32767 32768
32768 32767
32767 32768
32768 32767
32767 32768
32768 32767
32767 32768
32768 32767
32767 32768
32768 32767
32767 32768
32768 32767
32767 32768
32768 32767
32767 32768
32768 32767
32767 32768
32768 32767
32767 32768
32768 32767
32767 32768
32768 32767
32767 32768
32768 32767
32767 32768
32768 32767
32767 32768
32768 32767
32767 32768
32768 32767
32767 32768
32768 32767
32767 32768
32768 32767
32767 32768
32768 32767
32767 32768
32768 32767
32767 32768
32768 32767
32767 32768
32768 32767
32767 32768
32768 32767
32767 32768
32768 32767
32767 32768
32768 32767
32767 32768
32768 32767
32767 32768
32768 32767
32767 32768
32768 32767
32767 32768
32768 32767
32767 32768
32768 32767
32767 32768
32768 32767
32767 32768
32768 32767
32767 32768
32768 32767
32767 32768
32768 32767
32767 32768
32768 32767
32767 32768
32768 32767
32767 32768
32768 32767
32767 32768
32768 32767
32767 32768
32768 32767
32767 32768
32768 32767
32767 32768
32768 32767
32767 32768
32768 32767
32767 32768
32768 32767
32767 32768
32768 32767
32767 32768
32768 32767
32767 32768
32768 32767
32767 32768
32768 32767
32767 32768
32768 32767
32767 32768
32768 32767
32767 32768
32768 32767
32767 32768
32768 32767
32767 32768
32768 32767
32767 32768
32768 32767
32767 32768
32768 32767
32767 32768
32768 32767
32767 32768
32768 32767
32767 32768
32768 32767
32767 32768
32768 32767
32767 32768
32768 32767
32767 32768
32768 32767
32767 32768
32768 32767
32767 32768
32768 32767
32767 32768
32768 32767
32767 32768
32768 32767
32767 32768
32768 32767
32767 32768
32768 32767
32767 32768
32768 32767
32767 32768
32768 32767
32767 32768
32768 32767
32767 32768
32768 32767
32767 32768
32768 32767
32767 32768
32768 32767
32767 32768
32768 32767
32767 32768
32768 32767
32767 32768
32768 32767
32767 32768
32768 32767
32767 32768
32768 32767
32767 32768
32768 32767
32767 32768
32768 32767
32767 32768
32768 32767
32767 32768
32768 32767
32767 32768
32768 32767
32767 32768
32768 32767
32767 32768
32768 32767
32767 32768
32768 32767
32767 32768
32768 32767
32767 32768
32768 32767
32767 32768
32768 32767
32767 32768
32768 32767
32767 32768
32768 32767
32767 32768
32768 32767
32767 32768
32768 32767
32767 32768
32768 32767
32767 32768
32768 32767
32767 32768
32768 32767
32767 32768
32768 32767
32767 32768
32768 32767
32767 32768
32768 32767
32767 32768
32768 32767
32767 32768
32768 32767
32767 32768
32768 32767
32767 32768
32768 32767
32767 32768
32768 32767
32767 32768
32768 32767
32767 32768
32768 32767
32767 32768
32768 32767
32767 32768
32768 32767
32767 32768
32768 32767
32767 32768
32768 32767
32767 32768
32768 32767
32767 32768
32768 32767
32767 32768
32768 32767
32767 32768
32768 32767
32767 32768
32768 32767
32767 32768
32768 32767
32767 32768
32768 32767
32767 32768
32768 32767
32767 32768
32768 32767
32767 32768
32768 32767
32767 32768
32768 32767
32767 32768
32768 32767
32767 32768
32768 32767
32767 32768
32768 32767
32767 32768
32768 32767
32767 32768
32768 32767
32767 32768
32768 32767
32767 32768
32768 32767
32767 32768
32768 32767
32767 32768
32768 32767
32767 32768
32768 32767
32767 32768
32768 32767
32767 32768
32768 32767
32767 32768
32768 32767
32767 32768
32768 32767
32767 32768
32768 32767
32767 32768
32768 32767
32767 32768
32768 32767
32767 32768
32768 32767
32767 32768
32768 32767
32767 32768
32768 32767
32767 32768
32768 32767
32767 32768
32768 32767
32767 32768
32768 32767
32767 32768
32768 32767
32767 32768
32768 32767
32767 32768
32768 32767
32767 32768
32768 32767
32767 32768
32768 32767
32767 32768
32768 32767
32767 32768
32768 32767
32767 32768
32768 32767
32767 32768
32768 32767
32767 32768
32768 32767
32767 32768
32768 32767
32767 32768
32768 32767
32767 32768
32768 32767
32767 32768
32768 32767
32767 32768
32768 32767
32767 32768
32768 32767
32767 32768
32768 32767
32767 32768
32768 32767
32767 32768
32768 32767
32767 32768
32768 32767
32767 32768
32768 32767
32767 32768
32768 32767
32767 32768
32768 32767
32767 32768
32768 32767
32767 32768
32768 32767
32767 32768
32768 32767
32767 32768
32768 32767
32767 32768
32768 32767
32767 32768
32768 32767
32767 32768
32768 32767
32767 32768
32768 32767
32767 32768
32768 32767
32767 32768
32768 32767
32767 32768
32768 32767
32767 32768
32768 32767
32767 32768
32768 32767
32767 32768
32768 32767
32767 32768
32768 32768
32768 32768
32768 32768
32768 32768
32768 32768
32768 32768
32768 32768
32768 32768
32768 32768
32768 32768
32768 32768
32768 32768
32768 32768
32768 32768
32768 32768
32768 32768
32768 32768
32768 32768
32768 32768
32768 32768
32768 32768
32768 32768
32768 32768
32768 32768
32768 32768
32768 32768
32768 32768
32768 32768
32768 32768
32768 32768
32768 32768
32768 32768
32768 32768
32768 32768
32768 32768
32768 32768
32768 32768
32768 32768
32768 32768
32768 32768
32768 32768
32768 32768
32768 32768
32768 32768
32768 32768
32768 32768
32768 32768
32768 32768
32768 32768
32768 32768
32768 32768
32768 32768
32768 32768
32768 32768
32768 32768
32768 32768
32768 32768
32768 32768
32768 32768
32768 32768
32768 32768
32768 32768
32768 32768
32768 32768
32768 32768
32768 32768
32768 32768
32768 32768
32768 32768
32768 32768
32768 32768
32768 32768
32768 32768
32768 32768
32768 32768
32768 32768
32768 32768
32768 32768
32768 32768
32768 32768
32768 32768
32768 32768
32768 32768
32768 32768
32768 32768
32768 32768
32768 32768
32768 32768
32768 32768
32768 32768
32768 32768
32768 32768
32768 32768
32768 32768
32768 32768
32768 32768
32768 32768
32768 32768
32768 32768
32768 32768
32768 32768
32768 32768
32768 32768
32768 32768
32768 32768
32768 32768
32768 32768
32768 32768
32768 32768
32768 32768
32768 32768
32768 32768
32768 32768
32768 32768
32768 32768
32768 32768
32768 32768
32768 32768
32768 32768
32768 32768
32768 32768
32768 32768
32768 32768
32768 32768
32768 32768
32768 32768
32768 32768
32768 32768
32768 32768
32768 32768
32768 32768
32768 32768
32768 32768
32768 32768
32768 32768
32768 32768
32768 32768
32768 32768
32768 32768
32768 32768
32768 32768
32768 32768
32768 32768
32768 32768
32768 32768
32768 32768
32768 32768
32768 32768
32768 32768
32768 32768
32768 32768
32768 32768
32768 32768
32768 32768
32768 32768
32768 32768
32768 32768
32768 32768
32768 32768
32768 32768
32768 32768
32768 32768
32768 32768
32768 32768
32768 32768
32768 32768
32768 32768
32768 32768
32768 32768
32768 32768
32768 32768
32768 32768
32768 32768
32768 32768
32768 32768
32768 32768
32768 32768
32768 32768
32768 32768
32768 32768
32768 32768
32768 32768
32768 32768
32768 32768
32768 32768
32768 32768
32768 32768
32768 32768
32768 32768
32768 32768
32768 32768
32768 32768
32768 32768
32768 32768
32768 32768
32768 32768
32768 32768
32768 32768
32768 32768
32768 32768
32768 32768
32768 32768
32768 32768
32768 32768
32768 32768
32768 32768
32768 32768
32768 32768
32768 32768
32768 32768
32768 32768
32768 32768
32768 32768
32768 32768
32768 32768
32768 32768
32768 32768
32768 32768
32768 32768
32768 32768
32768 32768
32768 32768
32768 32768
32768 32768
32768 32768
32768 32768
32768 32768
32768 32768
32768 32768
32768 32768
32768 32768
32768 32768
32768 32768
32768 32768
32768 32768
32768 32768
32768 32768
32768 32768
32768 32768
32768 32768
32768 32768
32768 32768
32768 32768
32768 32768
32768 32768
32768 32768
32768 32768
32768 32768
32768 32768
32768 32768
32768 32768
32768 32768
32768 32768
32768 32768
32768 32768
32768 32768
32768 32768
32768 32768
32768 32768
32768 32768
32768 32768
32768 32768
32768 32768
32768 32768
32768 32768
32768 32768
32768 32768
32768 32768
32768 32768
32768 32768
32768 32768
32768 32768
32768 32768
32768 32768
32768 32768
32768 32768
32768 32768
32768 32768
32768 32768
32768 32768
32768 32768
32768 32768
32768 32768
32768 32768
32768 32768
32768 32768
32768 32768
32768 32768
32768 32768
32768 32768
32768 32768
32768 32768
32768 32768
32768 32768
32768 32768
32768 32768
32768 32768
32768 32768
32768 32768
32768 32768
32768 32768
32768 32768
32768 32768
32768 32768
32768 32768
32768 32768
32768 32768
32768 32768
32768 32768
32768 32768
32768 32768
32768 32768
32768 32768
32768 32768
32768 32768
32768 32768
32768 32768
32768 32768
32768 32768
32768 32768
32768 32768
32768 32768
32768 32768
32768 32768
32768 32768
32768 32768
32768 32768
32768 32768
32768 32768
32768 32768
32768 32768
32768 32768
32768 32768
32768 32768
32768 32768
32768 32768
32768 32768
32768 32768
32768 32768
32768 32768
32768 32768
32768 32768
32768 32768
32768 32768
32768 32768
32768 32768
32768 32768
32768 32768
32768 32768
32768 32768
32768 32768
32768 32768
32768 32768
32768 32768
32768 32768
32768 32768
32768 32768
32768 32768
32768 32768
32768 32768
32768 32768
32768 32768
32768 32768
32768 32768
32768 32768
32768 32768
32768 32768
32768 32768
32768 32768
32768 32768
32768 32768
32768 32768
32768 32768
32768 32768
32768 32768
32768 32768
32768 32768
32768 32768
32768 32768
32768 32768
32768 32768
32768 32768
32768 32768
32768 32768
32768 32768
32768 32768
32768 32768
32768 32768
32768 32768
32768 32768
32768 32768
32768 32768
32768 32768
32768 32768
32768 32768
32768 32768
32768 32768
32768 32768
32768 32768
32768 32768
32768 32768
32768 32768
32768 32768
32768 32768
32768 32768
32768 32768
32768 32768
32768 32768
32768 32768
32768 32768
32768 32768
32768 32768
32768 32768
32768 32768
32768 32768
32768 32768
32768 32768
32768 32768
32768 32768
32768 32768
32768 32768
32768 32768
32768 32768
32768 32768
32768 32768
32768 32768
32768 32768
32768 32768
32768 32768
32768 32768
32768 32768
32768 32768
32768 32768
32768 32768
32768 32768
32768 32768
32768 32768
32768 32768
32768 32768
32768 32768
32768 32768
32768 32768
32768 32768
32768 32768
32768 32768
32768 32768
32768 32768
32768 32768
32768 32768
32768 32768
32768 32768
32768 32768
32768 32768
32768 32768
32768 32768
32768 32768
32768 32768
32768 32768
32768 32768
32768 32768
32768 32768
32768 32768
32768 32768
32768 32768
32768 32768
32768 32768
32768 32768
32768 32768
32768 32768
32768 32768
32768 32768
32768 32768
32768 32768
32768 32768
32768 32768
32768 32768
32768 32768
32768 32768
32768 32768
32768 32768
32768 32768
32768 32768
32768 32768
32768 32768
32768 32768
32768 32768
32768 32768
32768 32768
32768 32768
32768 32768
32768 32768
32768 32768
32768 32768
32768 32768
32768 32768
32768 32768
32768 32768
32768 32768
32768 32768
32768 32768
32768 32768
32768 32768
32768 32768
32768 32768
32768 32768
32768 32768
32768 32768
32768 32768
32768 32768
32768 32768
32768 32768
32768 32768
32768 32768
32768 32768
32768 32768
32768 32768
32768 32768
32768 32768
32768 32768
32768 32768
32768 32768
32768 32768
32768 32768
32768 32768
32768 32768
32768 32768
32768 32768
32768 32768
32768 32768
32768 32768
32768 32768
32768 32768
32768 32768
32768 32768
32768 32768
32768 32768
32768 32768
32768 32768
32768 32768
32768 32768
32768 32768
32768 32768
32768 32768
32768 32768
32768 32768
32768 32768
32768 32768
32768 32768
32768 32768
32768 32768
32768 32768
32768 32768
32768 32768
32768 32768
32768 32768
32768 32768
32768 32768
32768 32768
32768 32768
32768 32768
32768 32768
32768 32768
32768 32768
32768 32768
32768 32768
32768 32768
32768 32768
32768 32768
32768 32768
32768 32768
32768 32768
32768 32768
32768 32768
32768 32768
32768 32768
32768 32768
32768 32768
32768 32768
32768 32768
32768 32768
32768 32768
32768 32768
32768 32768
32768 32768
32768 32768
32768 32768
32768 32768
32768 32768
32768 32768
32768 32768
32768 32768
32768 32768
32768 32768
32768 32768
32768 32768
32768 32768
32768 32768
32768 32768
32768 32768
32768 32768
32768 32768
32768 32768
32768 32768
32768 32768
32768 32768
32768 32768
32768 32768
32768 32768
32768 32768
32768 32768
32768 32768
32768 32768
32768 32768
32768 32768
32768 32768
32768 32768
32768 32768
32768 32768
32768 32768
32768 32768
32768 32768
32768 32768
32768 32768
32768 32768
32768 32768
32768 32768
32768 32768
32768 32768
32768 32768
32768 32768
32768 32768
32768 32768
32768 32768
32768 32768
32768 32768
32768 32768
32768 32768
32768 32768
32768 32768
32768 32768
32768 32768
32768 32768
32768 32768
32768 32768
32768 32768
32768 32768
32768 32768
32768 32768
32768 32768
32768 32768
32768 32768
32768 32768
32768 32768
32768 32768
32768 32768
32768 32768
32768 32768
32768 32768
32768 32768
32768 32768
32768 32768
32768 32768
32768 32768
32768 32768
32768 32768
32768 32768
32768 32768
32768 32768
32768 32768
32768 32768
32768 32768
32768 32768
32768 32768
32768 32768
32768 32768
32768 32768
32768 32768
32768 32768
32768 32768
32768 32768
32768 32768
32768 32768
32768 32768
32768 32768
32768 32768
32768 32768
32768 32768
32768 32768
32768 32768
32768 32768
32768 32768
32768 32768
32768 32768
32768 32768
32768 32768
32768 32768
32768 32768
32768 32768
32768 32768
32768 32768
32768 32768
32768 32768
32768 32768
32768 32768
32768 32768
32768 32768
32768 32768
32768 32768
32768 32768
32768 32768
32768 32768
32768 32768
32768 32768
32768 32768
32768 32768
32768 32768
32768 32768
32768 32768
32768 32768
32768 32768
32768 32768
32768 32768
32768 32768
32768 32768
32768 32768
32768 32768
32768 32768
32768 32768
32768 32768
32768 32768
32768 32768
32768 32768
32768 32768
32768 32768
32768 32768
32768 32768
32768 32768
32768 32768
32768 32768
32768 32768
32768 32768
32768 32768
32768 32768
32768 32768
32768 32768
32768 32768
32768 32768
32768 32768
32768 32768
32768 32768
32768 32768
32768 32768
32768 32768
32768 32768
32768 32768
32768 32768
32768 32768
32768 32768
32768 32768
32768 32768
32768 32768
32768 32768
32768 32768
32768 32768
32768 32768
32768 32768
32768 32768
32768 32768
32768 32768
32768 32768
32768 32768
32768 32768
32768 32768
32768 32768
32768 32768
32768 32768
32768 32768
32768 32768
32768 32768
32768 32768
32768 32768
32768 32768
32768 32768
32768 32768
32768 32768
32768 32768
32768 32768
32768 32768
32768 32768
32768 32768
32768 32768
32768 32768
32768 32768
32768 32768
32768 32768
32768 32768
32768 32768
32768 32768
32768 32768
32768 32768
32768 32768
32768 32768
32768 32768
32768 32768
32768 32768
32768 32768
32768 32768
32768 32768
32768 32768
32768 32768
32768 32768
32768 32768
32768 32768
32768 32768
32768 32768
32768 32768
32768 32768
32768 32768
32768 32768
32768 32768
32768 32768
32768 32768
32768 32768
32768 32768
32768 32768
32768 32768
32768 32768
32768 32768
32768 32768
32768 32768
32768 32768
32768 32768
32768 32768
32768 32768
32768 32768
32768 32768
32768 32768
32768 32768
32768 32768
32768 32768
32768 32768
32768 32768
32768 32768
32768 32768
32768 32768
32768 32768
32768 32768
32768 32768
32768 32768
32768 32768
32768 32768
32768 32768
32768 32768
32768 32768
32768 32768
32768 32768
32768 32768
32768 32768
32768 32768
32768 32768
32768 32768
32768 32768
32768 32768
32768 32768
32768 32768
32768 32768
32768 32768
32768 32768
32768 32768
32768 32768
32768 32768
32768 32768
32768 32768
32768 32768
32768 32768
32768 32768
32768 32768
32768 32768
32768 32768
32768 32768
32768 32768
32768 32768
32768 32768
32768 32768
32768 32768
32768 32768
32768 32768
32768 32768
32768 32768
32768 32768
32768 32768
32768 32768
32768 32768
32768 32768
32768 32768
32768 32768
32768 32768
32768 32768
32768 32768
32768 32768
32768 32768
32768 32768
32768 32768
32768 32768
32768 32768
32768 32768
32768 32768
32768 32768
32768 32768
32768 32768
32768 32768
32768 32768
32768 32768
32768 32768
32768 32768
32768 32768
32768 32768
32768 32768
32768 32768
32768 32768
32768 32768
32768 32768
32768 32768
32768 32768
32768 32768
32768 32768
32768 32768
32768 32768
32768 32768
32768 32768
32768 32768
32768 32768
32768 32768
32768 32768
32768 32768
32768 32768
32768 32768
32768 32768
32768 32768
32768 32768
32768 32768
32768 32768
32768 32768
32768 32768
32768 32768
32768 32768
32768 32768
32768 32768
32768 32768
32768 32768
32768 32768
32768 32768
32768 32768
32768 32768
32768 32768
32768 32768
32768 32768
32768 32768
32768 32768
32768 32768
32768 32768
32768 32768
32768 32768
32768 32768
32768 32768
32768 32768
32768 32768
32768 32768
32768 32768
32768 32768
32768 32768
32768 32768
32768 32768
32768 32768
32768 32768
32768 32768
32768 32768
32768 32768
32768 32768
32768 32768
32768 32768
32768 32768
32768 32768
32768 32768
32768 32768
32768 32768
32768 32768
32768 32768
32768 32768
32768 32768
32768 32768
32768 32768
32768 32768
32768 32768
32768 32768
32768 32768
32768 32768
32768 32768
32768 32768
32768 32768
32768 32768
32768 32768
32768 32768
32768 32768
32768 32768
32768 32768
32768 32768
32768 32768
32768 32768
32768 32768
32768 32768
32768 32768
32768 32768
32768 32768
32768 32768
32768 32768
32768 32768
32768 32768
32768 32768
32768 32768
32768 32768
32768 32768
32768 32768
32768 32768
32767 32767
32767 32767
32767 32767
32767 32767
32767 32767
32767 32767
32767 32767
32767 32767
32767 32767
32767 32767
32767 32767
32767 32767
32767 32767
32767 32767
32767 32767
32767 32767
32767 32767
32767 32767
32767 32767
32767 32767
32767 32767
32767 32767
32767 32767
32767 32767
32767 32767
32767 32767
32767 32767
32767 32767
32767 32767
32767 32767
32767 32767
32767 32767
32767 32767
32767 32767
32767 32767
32767 32767
32767 32767
32767 32767
32767 32767
32767 32767
32767 32767
32767 32767
32767 32767
32767 32767
32767 32767
32767 32767
32767 32767
32767 32767
32767 32767
32767 32767
32767 32767
32767 32767
32767 32767
32767 32767
32767 32767
32767 32767
32767 32767
32767 32767
32767 32767
32767 32767
32767 32767
32767 32767
32767 32767
32767 32767
32767 32767
32767 32767
32767 32767
32767 32767
32767 32767
32767 32767
32767 32767
32767 32767
32767 32767
32767 32767
32767 32767
32767 32767
32767 32767
32767 32767
32767 32767
32767 32767
32767 32767
32767 32767
32767 32767
32767 32767
32767 32767
32767 32767
32767 32767
32767 32767
32767 32767
32767 32767
32767 32767
32767 32767
32767 32767
32767 32767
32767 32767
32767 32767
32767 32767
32767 32767
32767 32767
32767 32767
32767 32767
32767 32767
32767 32767
32767 32767
32767 32767
32767 32767
32767 32767
32767 32767
32767 32767
32767 32767
32767 32767
32767 32767
32767 32767
32767 32767
32767 32767
32767 32767
32767 32767
32767 32767
32767 32767
32767 32767
32767 32767
32767 32767
32767 32767
32767 32767
32767 32767
32767 32767
32767 32767
32767 32767
32767 32767
32767 32767
32767 32767
32767 32767
32767 32767
32767 32767
32767 32767
32767 32767
32767 32767
32767 32767
32767 32767
32767 32767
32767 32767
32767 32767
32767 32767
32767 32767
32767 32767
32767 32767
32767 32767
32767 32767
32767 32767
32767 32767
32767 32767
32767 32767
32767 32767
32767 32767
32767 32767
32767 32767
32767 32767
32767 32767
32767 32767
32767 32767
32767 32767
32767 32767
32767 32767
32767 32767
32767 32767
32767 32767
32767 32767
32767 32767
32767 32767
32767 32767
32767 32767
32767 32767
32767 32767
32767 32767
32767 32767
32767 32767
32767 32767
32767 32767
32767 32767
32767 32767
32767 32767
32767 32767
32767 32767
32767 32767
32767 32767
32767 32767
32767 32767
32767 32767
32767 32767
32767 32767
32767 32767
32767 32767
32767 32767
32767 32767
32767 32767
32767 32767
32767 32767
32767 32767
32767 32767
32767 32767
32767 32767
32767 32767
32767 32767
32767 32767
32767 32767
32767 32767
32767 32767
32767 32767
32767 32767
32767 32767
32767 32767
32767 32767
32767 32767
32767 32767
32767 32767
32767 32767
32767 32767
32767 32767
32767 32767
32767 32767
32767 32767
32767 32767
32767 32767
32767 32767
32767 32767
32767 32767
32767 32767
32767 32767
32767 32767
32767 32767
32767 32767
32767 32767
32767 32767
32767 32767
32767 32767
32767 32767
32767 32767
32767 32767
32767 32767
32767 32767
32767 32767
32767 32767
32767 32767
32767 32767
32767 32767
32767 32767
32767 32767
32767 32767
32767 32767
32767 32767
32767 32767
32767 32767
32767 32767
32767 32767
32767 32767
32767 32767
32767 32767
32767 32767
32767 32767
32767 32767
32767 32767
32767 32767
32767 32767
32767 32767
32767 32767
32767 32767
32767 32767
32767 32767
32767 32767
32767 32767
32767 32767
32767 32767
32767 32767
32767 32767
32767 32767
32767 32767
32767 32767
32767 32767
32767 32767
32767 32767
32767 32767
32767 32767
32767 32767
32767 32767
32767 32767
32767 32767
32767 32767
32767 32767
32767 32767
32767 32767
32767 32767
32767 32767
32767 32767
32767 32767
32767 32767
32767 32767
32767 32767
32767 32767
32767 32767
32767 32767
32767 32767
32767 32767
32767 32767
32767 32767
32767 32767
32767 32767
32767 32767
32767 32767
32767 32767
32767 32767
32767 32767
32767 32767
32767 32767
32767 32767
32767 32767
32767 32767
32767 32767
32767 32767
32767 32767
32767 32767
32767 32767
32767 32767
32767 32767
32767 32767
32767 32767
32767 32767
32767 32767
32767 32767
32767 32767
32767 32767
32767 32767
32767 32767
32767 32767
32767 32767
32767 32767
32767 32767
32767 32767
32767 32767
32767 32767
32767 32767
32767 32767
32767 32767
32767 32767
32767 32767
32767 32767
32767 32767
32767 32767
32767 32767
32767 32767
32767 32767
32767 32767
32767 32767
32767 32767
32767 32767
32767 32767
32767 32767
32767 32767
32767 32767
32767 32767
32767 32767
32767 32767
32767 32767
32767 32767
32767 32767
32767 32767
32767 32767
32767 32767
32767 32767
32767 32767
32767 32767
32767 32767
32767 32767
32767 32767
32767 32767
32767 32767
32767 32767
32767 32767
32767 32767
32767 32767
32767 32767
32767 32767
32767 32767
32767 32767
32767 32767
32767 32767
32767 32767
32767 32767
32767 32767
32767 32767
32767 32767
32767 32767
32767 32767
32767 32767
32767 32767
32767 32767
32767 32767
32767 32767
32767 32767
32767 32767
32767 32767
32767 32767
32767 32767
32767 32767
32767 32767
32767 32767
32767 32767
32767 32767
32767 32767
32767 32767
32767 32767
32767 32767
32767 32767
32767 32767
32767 32767
32767 32767
32767 32767
32767 32767
32767 32767
32767 32767
32767 32767
32767 32767
32767 32767
32767 32767
32767 32767
32767 32767
32767 32767
32767 32767
32767 32767
32767 32767
32767 32767
32767 32767
32767 32767
32767 32767
32767 32767
32767 32767
32767 32767
32767 32767
32767 32767
32767 32767
32767 32767
32767 32767
32767 32767
32767 32767
32767 32767
32767 32767
32767 32767
32767 32767
32767 32767
32767 32767
32767 32767
32767 32767
32767 32767
32767 32767
32767 32767
32767 32767
32767 32767
32767 32767
32767 32767
32767 32767
32767 32767
32767 32767
32767 32767
32767 32767
32767 32767
32767 32767
32767 32767
32767 32767
32767 32767
32767 32767
32767 32767
32767 32767
32767 32767
32767 32767
32767 32767
32767 32767
32767 32767
32767 32767
32767 32767
32767 32767
32767 32767
32767 32767
32767 32767
32767 32767
32767 32767
32767 32767
32767 32767
32767 32767
32767 32767
32767 32767
32767 32767
32767 32767
32767 32767
32767 32767
32767 32767
32767 32767
32767 32767
32767 32767
32767 32767
32767 32767
32767 32767
32767 32767
32767 32767
32767 32767
32767 32767
32767 32767
32767 32767
32767 32767
32767 32767
32767 32767
32767 32767
32767 32767
32767 32767
32767 32767
32767 32767
32767 32767
32767 32767
32767 32767
32767 32767
32767 32767
32767 32767
32767 32767
32767 32767
32767 32767
32767 32767
32767 32767
32767 32767
32767 32767
32767 32767
32767 32767
32767 32767
32767 32767
32767 32767
32767 32767
32767 32767
32767 32767
32767 32767
32767 32767
32767 32767
32767 32767
32767 32767
32767 32767
32767 32767
32767 32767
32767 32767
32767 32767
32767 32767
32767 32767
32767 32767
32767 32767
32767 32767
32767 32767
32767 32767
32767 32767
32767 32767
32767 32767
32767 32767
32767 32767
32767 32767
32767 32767
32767 32767
32767 32767
32767 32767
32767 32767
32767 32767
32767 32767
32767 32767
32767 32767
32767 32767
32767 32767
32767 32767
32767 32767
32767 32767
32767 32767
32767 32767
32767 32767
32767 32767
32767 32767
32767 32767
32767 32767
32767 32767
32767 32767
32767 32767
32767 32767
32767 32767
32767 32767
32767 32767
32767 32767
32767 32767
32767 32767
32767 32767
32767 32767
32767 32767
32767 32767
32767 32767
32767 32767
32767 32767
32767 32767
32767 32767
32767 32767
32767 32767
32767 32767
32767 32767
32767 32767
32767 32767
32767 32767
32767 32767
32767 32767
32767 32767
32767 32767
32767 32767
32767 32767
32767 32767
32767 32767
32767 32767
32767 32767
32767 32767
32767 32767
32767 32767
32767 32767
32767 32767
32767 32767
32767 32767
32767 32767
32767 32767
32767 32767
32767 32767
32767 32767
32767 32767
32767 32767
32767 32767
32767 32767
32767 32767
32767 32767
32767 32767
32767 32767
32767 32767
32767 32767
32767 32767
32767 32767
32767 32767
32767 32767
32767 32767
32767 32767
32767 32767
32767 32767
32767 32767
32767 32767
32767 32767
32767 32767
32767 32767
32767 32767
32767 32767
32767 32767
32767 32767
32767 32767
32767 32767
32767 32767
32767 32767
32767 32767
32767 32767
32767 32767
32767 32767
32767 32767
32767 32767
32767 32767
32767 32767
32767 32767
32767 32767
32767 32767
32767 32767
32767 32767
32767 32767
32767 32767
32767 32767
32767 32767
32767 32767
32767 32767
32767 32767
32767 32767
32767 32767
32767 32767
32767 32767
32767 32767
32767 32767
32767 32767
32767 32767
32767 32767
32767 32767
32767 32767
32767 32767
32767 32767
32767 32767
32767 32767
32767 32767
32767 32767
32767 32767
32767 32767
32767 32767
32767 32767
32767 32767
32767 32767
32767 32767
32767 32767
32767 32767
32767 32767
32767 32767
32767 32767
32767 32767
32767 32767
32767 32767
32767 32767
32767 32767
32767 32767
32767 32767
32767 32767
32767 32767
32767 32767
32767 32767
32767 32767
32767 32767
32767 32767
32767 32767
32767 32767
32767 32767
32767 32767
32767 32767
32767 32767
32767 32767
32767 32767
32767 32767
32767 32767
32767 32767
32767 32767
32767 32767
32767 32767
32767 32767
32767 32767
32767 32767
32767 32767
32767 32767
32767 32767
32767 32767
32767 32767
32767 32767
32767 32767
32767 32767
32767 32767
32767 32767
32767 32767
32767 32767
32767 32767
32767 32767
32767 32767
32767 32767
32767 32767
32767 32767
32767 32767
32767 32767
32767 32767
32767 32767
32767 32767
32767 32767
32767 32767
32767 32767
32767 32767
32767 32767
32767 32767
32767 32767
32767 32767
32767 32767
32767 32767
32767 32767
32767 32767
32767 32767
32767 32767
32767 32767
32767 32767
32767 32767
32767 32767
32767 32767
32767 32767
32767 32767
32767 32767
32767 32767
32767 32767
32767 32767
32767 32767
32767 32767
32767 32767
32767 32767
32767 32767
32767 32767
32767 32767
32767 32767
32767 32767
32767 32767
32767 32767
32767 32767
32767 32767
32767 32767
32767 32767
32767 32767
32767 32767
32767 32767
32767 32767
32767 32767
32767 32767
32767 32767
32767 32767
32767 32767
32767 32767
32767 32767
32767 32767
32767 32767
32767 32767
32767 32767
32767 32767
32767 32767
32767 32767
32767 32767
32767 32767
32767 32767
32767 32767
32767 32767
32767 32767
32767 32767
32767 32767
32767 32767
32767 32767
32767 32767
32767 32767
32767 32767
32767 32767
32767 32767
32767 32767
32767 32767
32767 32767
32767 32767
32767 32767
32767 32767
32767 32767
32767 32767
32767 32767
32767 32767
32767 32767
32767 32767
32767 32767
32767 32767
32767 32767
32767 32767
32767 32767
32767 32767
32767 32767
32767 32767
32767 32767
32767 32767
32767 32767
32767 32767
32767 32767
32767 32767
32767 32767
32767 32767
32767 32767
32767 32767
32767 32767
32767 32767
32767 32767
32767 32767
32767 32767
32767 32767
32767 32767
32767 32767
32767 32767
32767 32767
32767 32767
32767 32767
32767 32767
32767 32767
32767 32767
32767 32767
32767 32767
32767 32767
32767 32767
32767 32767
32767 32767
32767 32767
32767 32767
32767 32767
32767 32767
32767 32767
32767 32767
32767 32767
32767 32767
32767 32767
32767 32767
32767 32767
32767 32767
32767 32767
32767 32767
32767 32767
32767 32767
32767 32767
32767 32767
32767 32767
32767 32767
32767 32767
32767 32767
32767 32767
32767 32767
32767 32767
32767 32767
32767 32767
32767 32767
32767 32767
32767 32767
32767 32767
32767 32767
32767 32767
32767 32767
32767 32767
32767 32767
32767 32767
32767 32767
32767 32767
32767 32767
32767 32767
32767 32767
32767 32767
32767 32767
32767 32767
32767 32767
32767 32767
32767 32767
32767 32767
32767 32767
32767 32767
32767 32767
32767 32767
32767 32767
32767 32767
32767 32767
32767 32767
32767 32767
32767 32767
32767 32767
32767 32767
32767 32767
32767 32767
32767 32767
32767 32767
32767 32767
32767 32767
32767 32767
32767 32767
32767 32767
32767 32767
32767 32767
32767 32767
32767 32767
32767 32767
32767 32767
32767 32767
32767 32767
32767 32767
32767 32767
32767 32767
32767 32767
32767 32767
32767 32767
32767 32767
32767 32767
32767 32767
32767 32767
32767 32767
32767 32767
32767 32767
32767 32767
32767 32767
32767 32767
32767 32767
32767 32767
32767 32767
32767 32767
32767 32767
32767 32767
32767 32767
32767 32767
32767 32767
32767 32767
32767 32767
32767 32767
32767 32767
32767 32767
32767 32767
32767 32767
32767 32767
32767 32767
32767 32767
32767 32767
32767 32767
32767 32767
32767 32767
32767 32767
32767 32767
32767 32767
32767 32767
32767 32767
32767 32767
32767 32767
32767 32767
32767 32767
32767 32767
32767 32767
32767 32767
32767 32767
32767 32767
32767 32767
32767 32767
32767 32767
32767 32767
32767 32767
32767 32767
32767 32767
32767 32767
32768 0
8191 32767
16382 8186
24573 12279
32768 16372
40955 32767
49146 24558
57337 28651
32768 32744
8183 32767
16374 40930
24565 45023
32768 49116
40947 32767
49138 57302
57329 61395
32768 65488
8175 32767
16366 8138
24557 12231
32768 16324
40939 32767
49130 24510
57321 28603
32768 32696
8167 32767
16358 40882
24549 44975
32768 49068
40931 32767
49122 57254
57313 61347
32768 65440
8159 32767
16350 8090
24541 12183
32768 16276
40923 32767
49114 24462
57305 28555
32768 32648
8151 32767
16342 40834
24533 44927
32768 49020
40915 32767
49106 57206
57297 61299
32768 65392
8143 32767
16334 8042
24525 12135
32768 16228
40907 32767
49098 24414
57289 28507
32768 32600
8135 32767
16326 40786
24517 44879
32768 48972
40899 32767
49090 57158
57281 61251
32768 65344
8127 32767
16318 7994
24509 12087
32768 16180
40891 32767
49082 24366
57273 28459
32768 32552
8119 32767
16310 40738
24501 44831
32768 48924
40883 32767
49074 57110
57265 61203
32768 65296
8111 32767
16302 7946
24493 12039
32768 16132
40875 32767
49066 24318
57257 28411
32768 32504
8103 32767
16294 40690
24485 44783
32768 48876
40867 32767
49058 57062
57249 61155
32768 65248
8095 32767
16286 7898
24477 11991
32768 16084
40859 32767
49050 24270
57241 28363
32768 32456
8087 32767
16278 40642
24469 44735
32768 48828
40851 32767
49042 57014
57233 61107
32768 65200
8079 32767
16270 7850
24461 11943
32768 16036
40843 32767
49034 24222
57225 28315
32768 32408
8071 32767
16262 40594
24453 44687
32768 48780
40835 32767
49026 56966
57217 61059
32768 65152
8063 32767
16254 7802
24445 11895
32768 15988
40827 32767
49018 24174
57209 28267
32768 32360
8055 32767
16246 40546
24437 44639
32768 48732
40819 32767
49010 56918
57201 61011
32768 65104
8047 32767
16238 7754
24429 11847
32768 15940
40811 32767
49002 24126
57193 28219
32768 32312
8039 32767
16230 40498
24421 44591
32768 48684
40803 32767
48994 56870
57185 60963
32768 65056
8031 32767
16222 7706
24413 11799
32768 15892
40795 32767
48986 24078
57177 28171
32768 32264
8023 32767
16214 40450
24405 44543
32768 48636
40787 32767
48978 56822
57169 60915
32768 65008
8015 32767
16206 7658
24397 11751
32768 15844
40779 32767
48970 24030
57161 28123
32768 32216
8007 32767
16198 40402
24389 44495
32768 48588
40771 32767
48962 56774
57153 60867
32768 64960
7999 32767
16190 7610
24381 11703
32768 15796
40763 32767
48954 23982
57145 28075
32768 32168
7991 32767
16182 40354
24373 44447
32768 48540
40755 32767
48946 56726
57137 60819
32768 64912
7983 32767
16174 7562
24365 11655
32768 15748
40747 32767
48938 23934
57129 28027
32768 32120
7975 32767
16166 40306
24357 44399
32768 48492
40739 32767
48930 56678
57121 60771
32768 64864
7967 32767
16158 7514
24349 11607
32768 15700
40731 32767
48922 23886
57113 27979
32768 32072
7959 32767
16150 40258
24341 44351
32768 48444
40723 32767
48914 56630
57105 60723
32768 64816
7951 32767
16142 7466
24333 11559
32768 15652
40715 32767
48906 23838
57097 27931
32768 32024
7943 32767
16134 40210
24325 44303
32768 48396
40707 32767
48898 56582
57089 60675
32768 64768
7935 32767
16126 7418
24317 11511
32768 15604
40699 32767
48890 23790
57081 27883
32768 31976
7927 32767
16118 40162
24309 44255
32768 48348
40691 32767
48882 56534
57073 60627
32768 64720
7919 32767
16110 7370
24301 11463
32768 15556
40683 32767
48874 23742
57065 27835
32768 31928
7911 32767
16102 40114
24293 44207
32768 48300
40675 32767
48866 56486
57057 60579
32768 64672
7903 32767
16094 7322
24285 11415
32768 15508
40667 32767
48858 23694
57049 27787
32768 31880
7895 32767
16086 40066
24277 44159
32768 48252
40659 32767
48850 56438
57041 60531
32768 64624
7887 32767
16078 7274
24269 11367
32768 15460
40651 32767
48842 23646
57033 27739
32768 31832
7879 32767
16070 40018
24261 44111
32768 48204
40643 32767
48834 56390
57025 60483
32768 64576
7871 32767
16062 7226
24253 11319
32768 15412
40635 32767
48826 23598
57017 27691
32768 31784
7863 32767
16054 39970
24245 44063
32768 48156
40627 32767
48818 56342
57009 60435
32768 64528
7855 32767
16046 7178
24237 11271
32768 15364
40619 32767
48810 23550
57001 27643
32768 31736
7847 32767
16038 39922
24229 44015
32768 48108
40611 32767
48802 56294
56993 60387
32768 64480
7839 32767
16030 7130
24221 11223
32768 15316
40603 32767
48794 23502
56985 27595
32768 31688
7831 32767
16022 39874
24213 43967
32768 48060
40595 32767
48786 56246
56977 60339
32768 64432
7823 32767
16014 7082
24205 11175
32768 15268
40587 32767
48778 23454
56969 27547
32768 31640
7815 32767
16006 39826
24197 43919
32768 48012
40579 32767
48770 56198
56961 60291
32768 64384
7807 32767
15998 7034
24189 11127
32768 15220
40571 32767
48762 23406
56953 27499
32768 31592
7799 32767
15990 39778
24181 43871
32768 47964
40563 32767
48754 56150
56945 60243
32768 64336
7791 32767
15982 6986
24173 11079
32768 15172
40555 32767
48746 23358
56937 27451
32768 31544
7783 32767
15974 39730
24165 43823
32768 47916
40547 32767
48738 56102
56929 60195
32768 64288
7775 32767
15966 6938
24157 11031
32768 15124
40539 32767
48730 23310
56921 27403
32768 31496
7767 32767
15958 39682
24149 43775
32768 47868
40531 32767
48722 56054
56913 60147
32768 64240
7759 32767
15950 6890
24141 10983
32768 15076
40523 32767
48714 23262
56905 27355
32768 31448
7751 32767
15942 39634
24133 43727
32768 47820
40515 32767
48706 56006
56897 60099
32768 64192
7743 32767
15934 6842
24125 10935
32768 15028
40507 32767
48698 23214
56889 27307
32768 31400
7735 32767
15926 39586
24117 43679
32768 47772
40499 32767
48690 55958
56881 60051
32768 64144
7727 32767
15918 6794
24109 10887
32768 14980
40491 32767
48682 23166
56873 27259
32768 31352
7719 32767
15910 39538
24101 43631
32768 47724
40483 32767
48674 55910
56865 60003
32768 64096
7711 32767
15902 6746
24093 10839
32768 14932
40475 32767
48666 23118
56857 27211
32768 31304
7703 32767
15894 39490
24085 43583
32768 47676
40467 32767
48658 55862
56849 59955
32768 64048
7695 32767
15886 6698
24077 10791
32768 14884
40459 32767
48650 23070
56841 27163
32768 31256
7687 32767
15878 39442
24069 43535
32768 47628
40451 32767
48642 55814
56833 59907
32768 64000
7679 32767
15870 6650
24061 10743
32768 14836
40443 32767
48634 23022
56825 27115
32768 31208
7671 32767
15862 39394
24053 43487
32768 47580
40435 32767
48626 55766
56817 59859
32768 63952
7663 32767
15854 6602
24045 10695
32768 14788
40427 32767
48618 22974
56809 27067
32768 31160
7655 32767
15846 39346
24037 43439
32768 47532
40419 32767
48610 55718
56801 59811
32768 63904
7647 32767
15838 6554
24029 10647
32768 14740
40411 32767
48602 22926
56793 27019
32768 31112
7639 32767
15830 39298
24021 43391
32768 47484
40403 32767
48594 55670
56785 59763
32768 63856
7631 32767
15822 6506
24013 10599
32768 14692
40395 32767
48586 22878
56777 26971
32768 31064
7623 32767
15814 39250
24005 43343
32768 47436
40387 32767
48578 55622
56769 59715
32768 63808
7615 32767
15806 6458
23997 10551
32768 14644
40379 32767
48570 22830
56761 26923
32768 31016
7607 32767
15798 39202
23989 43295
32768 47388
40371 32767
48562 55574
56753 59667
32768 63760
7599 32767
15790 6410
23981 10503
32768 14596
40363 32767
48554 22782
56745 26875
32768 30968
7591 32767
15782 39154
23973 43247
32768 47340
40355 32767
48546 55526
56737 59619
32768 63712
7583 32767
15774 6362
23965 10455
32768 14548
40347 32767
48538 22734
56729 26827
32768 30920
7575 32767
15766 39106
23957 43199
32768 47292
40339 32767
48530 55478
56721 59571
32768 63664
7567 32767
15758 6314
23949 10407
32768 14500
40331 32767
48522 22686
56713 26779
32768 30872
7559 32767
15750 39058
23941 43151
32768 47244
40323 32767
48514 55430
56705 59523
32768 63616
7551 32767
15742 6266
23933 10359
32768 14452
40315 32767
48506 22638
56697 26731
32768 30824
7543 32767
15734 39010
23925 43103
32768 47196
40307 32767
48498 55382
56689 59475
32768 63568
7535 32767
15726 6218
23917 10311
32768 14404
40299 32767
48490 22590
56681 26683
32768 30776
7527 32767
15718 38962
23909 43055
32768 47148
40291 32767
48482 55334
56673 59427
32768 63520
7519 32767
15710 6170
23901 10263
32768 14356
40283 32767
48474 22542
56665 26635
32768 30728
7511 32767
15702 38914
23893 43007
32768 47100
40275 32767
48466 55286
56657 59379
32768 63472
7503 32767
15694 6122
23885 10215
32768 14308
40267 32767
48458 22494
56649 26587
32768 30680
7495 32767
15686 38866
23877 42959
32768 47052
40259 32767
48450 55238
56641 59331
32768 63424
7487 32767
15678 6074
23869 10167
32768 14260
40251 32767
48442 22446
56633 26539
32768 30632
7479 32767
15670 38818
23861 42911
32768 47004
40243 32767
48434 55190
56625 59283
32768 63376
7471 32767
15662 6026
23853 10119
32768 14212
40235 32767
48426 22398
56617 26491
32768 30584
7463 32767
15654 38770
23845 42863
32768 46956
40227 32767
48418 55142
56609 59235
32768 63328
7455 32767
15646 5978
23837 10071
32768 14164
40219 32767
48410 22350
56601 26443
32768 30536
7447 32767
15638 38722
23829 42815
32768 46908
40211 32767
48402 55094
56593 59187
32768 63280
7439 32767
15630 5930
23821 10023
32768 14116
40203 32767
48394 22302
56585 26395
32768 30488
7431 32767
15622 38674
23813 42767
32768 46860
40195 32767
48386 55046
56577 59139
32768 63232
7423 32767
15614 5882
23805 9975
32768 14068
40187 32767
48378 22254
56569 26347
32768 30440
7415 32767
15606 38626
23797 42719
32768 46812
40179 32767
48370 54998
56561 59091
32768 63184
7407 32767
15598 5834
23789 9927
32768 14020
40171 32767
48362 22206
56553 26299
32768 30392
7399 32767
15590 38578
23781 42671
32768 46764
40163 32767
48354 54950
56545 59043
32768 63136
7391 32767
15582 5786
23773 9879
32768 13972
40155 32767
48346 22158
56537 26251
32768 30344
7383 32767
15574 38530
23765 42623
32768 46716
40147 32767
48338 54902
56529 58995
32768 63088
7375 32767
15566 5738
23757 9831
32768 13924
40139 32767
48330 22110
56521 26203
32768 30296
7367 32767
15558 38482
23749 42575
32768 46668
40131 32767
48322 54854
56513 58947
32768 63040
7359 32767
15550 5690
23741 9783
32768 13876
40123 32767
48314 22062
56505 26155
32768 30248
7351 32767
15542 38434
23733 42527
32768 46620
40115 32767
48306 54806
56497 58899
32768 62992
7343 32767
15534 5642
23725 9735
32768 13828
40107 32767
48298 22014
56489 26107
32768 30200
7335 32767
15526 38386
23717 42479
32768 46572
40099 32767
48290 54758
56481 58851
32768 62944
7327 32767
15518 5594
23709 9687
32768 13780
40091 32767
48282 21966
56473 26059
32768 30152
7319 32767
15510 38338
23701 42431
32768 46524
40083 32767
48274 54710
56465 58803
32768 62896
7311 32767
15502 5546
23693 9639
32768 13732
40075 32767
48266 21918
56457 26011
32768 30104
7303 32767
15494 38290
23685 42383
32768 46476
40067 32767
48258 54662
56449 58755
32768 62848
7295 32767
15486 5498
23677 9591
32768 13684
40059 32767
48250 21870
56441 25963
32768 30056
7287 32767
15478 38242
23669 42335
32768 46428
40051 32767
48242 54614
56433 58707
32768 62800
7279 32767
15470 5450
23661 9543
32768 13636
40043 32767
48234 21822
56425 25915
32768 30008
7271 32767
15462 38194
23653 42287
32768 46380
40035 32767
48226 54566
56417 58659
32768 62752
7263 32767
15454 5402
23645 9495
32768 13588
40027 32767
48218 21774
56409 25867
32768 29960
7255 32767
15446 38146
23637 42239
32768 46332
40019 32767
48210 54518
56401 58611
32768 62704
7247 32767
15438 5354
23629 9447
32768 13540
40011 32767
48202 21726
56393 25819
32768 29912
7239 32767
15430 38098
23621 42191
32768 46284
40003 32767
48194 54470
56385 58563
32768 62656
7231 32767
15422 5306
23613 9399
32768 13492
39995 32767
48186 21678
56377 25771
32768 29864
7223 32767
15414 38050
23605 42143
32768 46236
39987 32767
48178 54422
56369 58515
32768 62608
7215 32767
15406 5258
23597 9351
32768 13444
39979 32767
48170 21630
56361 25723
32768 29816
7207 32767
15398 38002
23589 42095
32768 46188
39971 32767
48162 54374
56353 58467
32768 62560
7199 32767
15390 5210
23581 9303
32768 13396
39963 32767
48154 21582
56345 25675
32768 29768
7191 32767
15382 37954
23573 42047
32768 46140
39955 32767
48146 54326
56337 58419
32768 62512
7183 32767
15374 5162
23565 9255
32768 13348
39947 32767
48138 21534
56329 25627
32768 29720
7175 32767
15366 37906
23557 41999
32768 46092
39939 32767
48130 54278
56321 58371
