# verifyGEMV input -- ap_fixed<16,8> gemv.  STORED INTEGERS, not decimals.
# per case: M*N matrix (row-major) then N vector entries
# W I n_cases M N
16 8 3 3 32
3524 -3104 -1864 -3803 1160 1603 -3592 1157 119 550 2904 3785 -1045 -1884 -1922 -841 2546 -1743 1373 1984 -3802 -1792 214 -1842 21 3593 -2017 2625 1205 -678 1045 3473
4726 -2746 -7923 2881 260 4678 -7587 -2098 2275 -3291 -7843 1692 7931 7126 -6660 -988 4778 7740 -5766 -6853 -5985 7318 -584 -1348 894 -6453 -1507 6586 3879 -6646 -7757 498
1103 -3609 346 2791 -3488 -3054 -3948 -1855 -2289 -1238 -3608 -2867 2892 -2028 -124 -718 -2798 3827 -1770 1491 -351 -742 -1598 3590 358 -2197 2666 192 2757 3227 -350 -2997
-919 -720 1014 358 829 -383 -20 -45 -174 -884 863 616 -413 -140 404 -378 -942 -271 586 782 -398 255 669 1014 -488 146 52 838 -962 -298 658 93
200 -437 -345 337 -378 451 -21 289 319 -275 261 -84 -257 243 499 -413 -146 -500 -24 -170 233 -497 -30 -210 38 347 -110 374 165 129 -212 -312
2736 1743 -3228 -4062 -1899 -3046 236 3804 51 -3270 -2759 920 -658 3546 956 1421 1058 -1057 1294 -2339 3616 1778 3207 3823 3475 -2719 1624 464 2296 -305 1899 86
6 -34 14 18 33 8 -53 -36 46 -4 6 10 -21 28 20 18 57 -36 20 24 -53 62 -60 -44 -29 -2 30 41 -38 -63 -60 -8
-399 276 -848 167 326 -468 -517 672 639 988 977 60 -343 275 -379 -230 649 184 -145 -730 354 458 -968 814 -532 -806 113 -293 -451 938 498 -587
-100 -124 -56 -66 -53 -117 7 53 -49 -72 36 92 121 127 -12 -66 -16 -75 -118 72 -16 11 -19 50 101 -105 76 -99 -110 82 -79 90
-2072 1656 1636 1373 -2245 2461 1453 255 3469 2276 -2195 -2227 1824 3660 479 -676 -2515 -2789 1628 3475 -1522 2397 -599 -3636 -3240 1015 -3038 -2768 -3940 70 3482 -3277
821 240 -646 -995 705 -863 -199 26 -201 650 896 -271 -679 818 -245 -771 -227 755 651 785 731 995 -95 -12 -138 786 -923 -905 1022 -327 26 341
3 -232 -113 937 -530 -250 534 714 -748 -431 492 578 504 54 1020 -116 167 -58 -752 1002 -413 237 -516 600 -675 79 -52 -851 -366 -772 116 -510
