# verifyGEMV input -- float.  IEEE-754 32-bit patterns, decimal.
# per case: M*N matrix (row-major) then N vector entries
# n_cases M N
4 2 208
1045468984
1056754690
1058575398
1056030884
1053149605
1053238900
1061460750
1061160665
1060206097
1063479762
1050719077
1055047717
1040534851
1050202714
1057119549
1064370535
1061019384
1030931762
1061652287
1057515027
1049466868
1045333078
1034739448
1065071948
1064682926
1055771162
1056480095
1056570831
1064097348
1044264472
1062738067
1052500643
1037023240
1064014893
1060575141
1053961373
1064934843
1064190588
1058690231
1055691207
1058140381
1049903008
1057262195
1036677431
1064399430
1058300294
1043666505
1064637444
1060705211
1035320808
1063458063
1001149630
1054496235
1053287221
1039425237
1058580401
1060408913
1041567455
1031375663
1036578836
1062402418
1058568655
1063208379
1057072590
1054443374
1031288217
1040906057
1023421929
1064483389
1059911401
1058538033
1062114754
1057411913
1064553658
1064144783
1061371679
1048345054
1042753661
1063797120
1057723274
1052908267
1058325726
1054677517
1034447664
1053516799
1058725441
1044107099
1046420530
1060246361
1060161872
1045344443
1036290899
1047709140
1061028400
1059238662
1058948396
1052121985
1059302779
1062218508
1040730826
1048773531
1052709593
1031470933
1056561628
1063028303
1047262438
1059964271
1057687809
1064324533
1062327698
1038287247
1061910020
1043098624
1061020806
1058308679
1064550061
1063678849
1057898164
1029063457
1035490768
1062419530
1059374039
1051344396
1036286143
1051317267
1063721335
1019740665
1058663615
1050632161
1058158379
1045837266
1043381260
1051671552
1055097369
1062425015
1058708392
1044228223
1064736953
1061834600
1053608049
1064282675
1050633007
1061296051
1051419981
1063658768
1061245737
1064124056
1050064016
1028690497
1023374340
1059001649
1054203577
1054548731
1037770586
1061796124
1019752235
1049160351
1052622873
1054977766
1018495225
1050384804
1060824381
1051829993
1064437259
1062645937
1064074683
1055178637
1061971775
1058140080
1045222358
1060764607
1013958037
1064723513
1044984341
1061091978
1052896026
1057525753
1057765850
1063551655
1063774364
1061796838
1063790036
1056010552
1049257084
1060013306
1047541456
1023984204
1048401492
1053104760
1064484744
1060331907
1001813003
1058749117
1060132461
1053724713
1061250876
1055702868
1050285487
1064233849
1050559414
1063904780
1018111465
1055119450
1038628613
1059371740
1035291265
1056990420
1052637233
1014533965
1061060702
1042548918
1059436196
1050359889
1046549121
1024460659
1051209495
1056467176
1040596895
1036993409
1050943309
1064964817
1059933679
1060438014
1056642323
1053570846
1024943850
1061373065
1060290246
1063787279
1050389079
1047455697
1055510051
1064078264
1050967488
1057718800
1001393939
1057539811
1038703673
1028348841
1061523316
1061244474
1061824761
1057349429
1060835403
1052384578
1057500919
1026131304
1061009613
1061287647
1057055724
1056251023
1059978595
1051908780
1059437154
1058779972
1060364954
1062037886
1057680394
1062245876
1057645615
1062697944
1063360205
1035644013
1059064094
1061758688
1054076729
1054288508
1046206001
1059730173
1059487926
1038306533
1065246326
1049934554
1057010160
1032817846
1059746065
1039711498
1028460529
1050345655
1045126652
1063754940
1047133825
1059847948
1057049657
1060850373
1046370109
1049306495
1025985878
1064340454
1017786707
1047239586
1057830035
1058903566
1063381502
1061224754
1049657424
1064849434
1025155393
1033214519
1056997727
1050314210
1033212504
1046898835
1060279132
1062995751
1062415459
1046743817
1016983660
1049083254
1052872565
1063191884
1056965587
1058188904
1054274209
1064054869
1060180761
1054934423
1042090459
1064820786
1063232796
1048614933
1049749296
1059142156
1052712442
1065025157
1060881788
1055746472
1062894130
1048422649
1053758897
1060374158
1058616638
1058996297
1064862884
1059827969
1048399805
1059549919
1065237044
1055848943
1065037639
1062624944
1038034811
1060510736
1057869852
1061452630
1063266206
1019637737
1064283538
1045707006
1041678048
1059229785
1061358048
1056537301
1059438477
1058837064
1060432606
1064039514
1052042478
1058913127
1029940557
1055073324
1055020142
1054926889
1061518725
1063052011
1046529182
1058323638
1046805452
1049384893
1038326090
1043295733
1056483614
1059340689
1064869167
1054582947
1056981921
1059058993
1050665546
1058896482
1057867118
1058699451
1064256619
1061892981
1061384685
1060712125
1016163445
1058917771
1051127123
1060081785
1063346746
1057941006
1065281622
1051152047
1059058331
1059767691
1058669545
1060780837
1060069417
1055637925
1034420946
1052849150
1026441407
1052785932
1062579135
1056389373
1044637958
1056856494
1055523075
1053287461
1055129021
1064339058
1049567409
1064190952
1062044522
1064881069
1065055322
1048657937
1041844294
1058975241
1064285108
1063894404
1061603702
1062393865
1062835943
1061714343
1062737617
1057378869
1048707214
1059441366
1054346463
1027096163
1059963677
1061821102
1060906503
1057792256
1061429444
1040584852
1052430912
1064504880
1052571275
1055678945
984720919
1060381861
1064225231
1049841883
1060879468
1055335767
1049269861
1060600240
1049420162
1064781730
1062764851
1058661439
1047180089
1058838942
1057828609
1045730636
1055117935
1063669563
1064767656
1055491012
1062645698
1043035910
1059019625
1062034152
1061489614
1050773958
1064236158
1064621519
1046172712
1058270675
1057505888
1051984109
1040487156
1054690241
1060073770
1063120316
1039407187
1063509889
1049027721
1059661708
1057647671
1053170954
1062988014
1048255125
1055005727
1054651124
1059926179
1059700316
1055967834
1056387545
1015550582
1047309559
1063597969
1057025502
1050370008
1015511238
1024820635
1064471885
1060949192
1053685371
1042860600
1063537830
1057997202
1055220084
1051983362
1053787909
1063007321
1058652322
1029538645
1056063950
1061846822
1054929426
1046003383
1064812972
1055523475
1063596959
1062925526
1055238173
1061223055
1057461779
1062343552
1057777486
1060157421
1063622330
1065235265
1053466955
1064179610
1053130674
1036367955
1049599598
1052748864
1059782755
1062387216
1062041264
1052924261
1043989465
1054764648
1061842557
1064365849
1042834428
1055033450
1064492226
1057509553
1056971554
1065084084
1053077464
1062418120
1049276486
1056410682
1057463784
1058228801
1061591778
1043932876
1058349335
1024177963
1059460980
1055102715
1010715087
1058123282
1048755892
1057254660
1057824349
1059287685
1059652346
1059352094
1063531950
1058569675
1049497306
1050492819
1054127991
1059281349
1062340376
1027534711
1032046837
1046931632
1052225689
1061885850
1063557019
1061567242
1064147634
1023716760
1057794538
1064865484
1052654988
1062104609
1060157936
1042432828
1051286371
1051473091
1050711540
1063917811
1023669874
1061233071
1058755304
1032998547
1058667055
1018993404
1050618976
1032921134
1043844368
1043595755
1057952429
1063670461
1060032493
1058357358
1035188209
1041751297
1057665554
1056339564
1050041021
1057564380
1064729769
1055698201
1061179501
1049252144
1062977773
1061822642
1050316715
1054855654
1052512870
1062528017
1057955257
1050760322
985295464
921634860
1145613642
1116263442
3261663936
922549758
933713373
980244080
1162584733
3089152921
857849071
1172009419
3290250610
3310926492
3294426104
1080179673
924179750
3383368965
3240843898
3350712292
1171022747
1033721851
915778552
967719474
3293393475
1047150235
3165860253
3139088132
985612164
990179483
3324771169
1211176759
1113591275
1125679016
3346417986
1034450299
1086539331
1068295064
917332069
3246332537
1082502964
3278853256
3351747250
3040586993
3098517776
3363200502
3147892611
3343786346
923433325
1014387245
1129750257
887769559
3273104940
1010496527
1230384820
1082716480
3285001501
3128192987
1012324386
3213452300
1099296820
3191270938
1125891586
960446553
3194209026
3241415753
3340998064
3281362144
979527245
961064745
1124061708
3228041457
3320739825
924899319
3266670362
1190263108
3079324001
1017962092
1098666536
975753830
3104636893
949083847
1033327970
3245127736
3153526299
1111171340
1220590966
1007050726
3339778931
3082415434
1150848310
944414258
3097119950
3291446188
3204577092
3227804437
3256944587
3172804770
905899330
3156158341
3295599009
1119240630
3200265686
1193275977
3065064974
1183386821
896436753
3040066060
941979451
999852711
887111833
3041287526
3147574209
3245811155
3385102211
3382317848
3323803608
946106451
1171141905
3052239470
3239881232
1033925384
3357795594
3154232958
3244188904
3375531358
3080996743
3142098720
3138224970
3322252916
3230203251
964835528
3016444245
3350494957
1136271316
3205873682
3129745315
3209366013
3281356892
1108793504
1143650469
3382824506
984623419
3097648033
3263515876
3246699153
3024080350
3166364495
1151784671
3045318863
1091062535
3107236390
983996572
3185275896
1167078942
3047062861
3105703366
3200896248
3218078091
3269819722
1044126741
974257041
3330974589
968307563
3349840092
1181349670
948485563
1036514268
1060460252
3103971903
3085083837
3384021217
881611479
1095876170
3087927037
3205225887
3347650647
3039414221
1168426208
3144054297
1146896363
1034380307
928446710
3076444034
3378148483
1127305921
3352541939
1212776276
3149236045
923024596
909660251
1055296349
3356693956
3177394780
3208487819
3158711061
3352069786
1202238947
3259121775
3359939090
1235549778
1142245524
1101950409
3094031506
899113761
1031032936
1167854065
3029364716
3130718600
1097618312
1082719871
3157009370
3336179547
1145099406
3031962948
3040735798
1225842512
3081430373
3331689447
3111316295
3274313239
1224462768
1144956257
1123041330
3095798048
3352950105
3047863075
3205548250
1229254541
3180673970
3085596895
865647533
921038391
1042699834
3366409892
3323610771
1177052124
1154018534
1034850304
3085679036
926187670
3049458641
3232391762
3311008271
3357489703
1124194472
1201516643
3351739426
3204867403
911223657
949128765
3155482498
900099779
3104309375
1070034530
3307117771
3296869421
3125347413
938747532
1102522429
1149639225
924930497
1033415316
3159284618
3264039938
3151377555
927696019
1145157283
1034373315
3047706062
1140308429
3064480814
3196163436
3099091745
1202116290
3088430148
3232309507
988103076
1138213704
3327326433
3157069797
993179448
3264532831
1062992773
979473051
3234010746
1141423316
920616178
923079882
3169411147
890873396
1033868741
3263842455
3182062714
3326963942
3248572111
3193768465
1116738458
3304561015
3251757510
2993316120
3060974257
3132722933
3118492074
1235685481
3104296596
3103426656
858644584
3196209485
978984408
3239599876
3125706332
1167073358
917712899
1120161304
1023884732
3071678178
1041614195
961589275
3086661628
1042595977
1001931191
3347501173
979243172
941101523
858938017
3074882518
3072274581
899842543
3214402316
3180339387
3173099952
1117194719
3126862122
3348208672
3131738115
957178876
1087167364
1215283408
3293306503
1090289036
1013984058
3389360051
1237529894
1058327779
3284712165
1200080875
1234653125
1238101506
993714921
3295389037
1118328551
3155508888
3074254497
3106108492
3032711600
3339968481
985560871
1058472200
3298494840
3232533407
976134142
3381372093
931570624
1237663543
1202166386
1065828878
1043085182
1040592095
3361021329
922596723
1065023021
1053217020
3358095974
3025559452
3377571110
3262815616
3146502219
1009364165
3363114262
3274867452
3203877898
1030581418
3312356502
3215088777
3225531900
3321804985
935135692
3151281157
3191034145
1048794727
3126284940
3364394086
999649028
3206126754
3288499826
1185840313
986575117
3107093230
3089061720
974115738
940943953
1203459705
3381614960
3053362285
3307500614
3276253425
3147684664
1071592259
1120979813
3035031258
3220459612
3272109887
957922272
1200936997
3093953760
3212205037
3215488793
1057777719
1055941594
3221789386
3222747447
3207710470
1058748087
3182693084
3218960894
3171218150
1042914485
1067260837
1025251632
3209662823
3217487061
3218161056
1058183523
3211070174
1064446732
1031269842
3193674624
3204787270
3196090818
1047374073
1034892449
1048261902
3215859552
3213664458
3197628074
3207095304
3197305471
3209105798
1056010425
1056398673
3195447770
3176826098
3217445729
3183591944
3209128698
1065874461
1067592500
1057092916
3181718586
1072026962
1056344958
1066354505
1067639697
3199422501
1068083997
1049859474
3182992109
3203793716
3218762356
1058242591
3209035760
3188877560
3205788569
1071711832
3217902118
3214695725
1068768160
3217803636
1053655767
1065738383
1065754414
3206041676
1060773953
1066531588
3205128454
3216250287
3220450703
3194624255
1069928187
1065644971
1061999554
3223055448
1049711574
3221849745
3214919295
1039764518
1017278715
3212558182
1050577156
3214590644
1045462590
1042031980
3211759550
3216820592
1073301290
3214013350
3213355165
1069536701
1060152462
1049859406
1066306449
1070195448
3190403730
3197104672
1069004469
1063138875
1018203733
1078143738
3182757761
3175715262
3218999134
3208475058
1065996580
1040937468
3200161582
3189106287
1066231749
1065503314
1072351907
3212040539
3199996488
3197987774
3199840886
1071947428
3218376667
1057256308
3215194902
1057986025
1074683311
1059845149
3189592567
1011063700
3221349893
3208039744
3192343801
1066075958
3202237616
1068879089
1028690038
1069941993
3184941508
1069877717
1057761716
1062228305
3197311471
3213402683
1065388455
3207022771
1067723650
3214885241
3213082814
1066511345
1025443988
1067402871
3219678705
1059794870
3129855207
3191395462
1063261879
3214069155
3193616773
1067581184
3216679445
3209147709
1051168845
3222443543
3195549386
1061371395
1008049910
1067524346
1059588061
1069562495
1074016819
3204463888
3213317522
3209221177
3208950847
1064978214
3219564233
1052179517
3198843559
1067999089
1066185706
1055040486
1049137878
3208515496
1061087808
3214642047
1068126328
1060614848
1035200670
1033983076
989027871
1030247423
3213850337
1053505062
3214272810
1054923165
1058414906
3170870654
3196510495
1069410385
3191297422
1053890222
1074128257
3203714374
1078407078
3200693446
1040394857
1055039878
1074583017
1070013964
3215522705
3383031887
1235548239
3374594846
1227111198
3373305356
1225821708
3361177111
1213693463
1228670658
3376154306
3385253412
1237769764
3386742736
1239259088
3363520382
1216036734
3389602764
1242119116
1217777421
3365261069
1219397816
3366881464
3375796497
1228312849
1220564774
3368048422
3378299168
1230815520
1234978891
3382462539
1198541120
3346024768
1224728791
3372212439
3376548612
1229064964
3381076445
1233592797
1233416320
3380899968
1219033096
3366516744
1232312171
3379795819
1230589397
3378073045
3353133260
1205649612
3362247725
1214764077
1237831269
3385314917
1224830481
3372314129
1222120010
3369603658
1241357570
3388841218
3377718579
1230234931
3380119369
1232635721
3349535670
1202052022
3375543857
1228060209
3373335586
1225851938
3386344393
1238860745
3369699773
1222216125
3382180806
1234697158
1221549804
3369033452
3380803562
1233319914
3382004697
1234521049
3378584124
1231100476
3363912302
1216428654
3376570190
1229086542
1229006488
3376490136
3353796625
1206312977
1236208390
3383692038
1237289530
3384773178
1238816015
3386299663
1224033586
3371517234
3372838180
1225354532
1233122497
3380606145
3377821950
1230338302
1219005590
3366489238
3382694122
1235210474
3367820150
1220336502
3372965697
1225482049
3385478653
1237995005
1237906807
3385390455
3374878770
1227395122
3371743821
1224260173
3385086468
1237602820
3362148188
1214664540
3382249072
1234765424
1225702551
3373186199
1241436351
3388919999
3383971226
1236487578
1241367720
3388851368
1200227647
3347711295
3362215539
1214731891
1220433159
3367916807
3381957641
1234473993
3385056354
1237572706
1217700757
3365184405
1219733857
3367217505
3380992238
1233508590
1237725325
3385208973
3382856351
1235372703
1230387368
3377871016
3381706638
1234222990
3378756341
1231272693
1238306994
3385790642
3371303001
1223819353
1233335665
3380819313
3358742072
1211258424
1233363354
3380847002
1208523135
3356006783
1198969618
3346453266
3380656488
1233172840
3373112659
1225629011
1237521841
3385005489
3381473315
1233989667
1185351456
3332835104
1229136081
3376619729
1218793042
3366276690
3371370289
1223886641
3367028460
1219544812
1218424932
3365908580
3352223372
1204739724
3389471587
1241987939
1222533850
3370017498
1230682713
3378166361
1236815411
3384299059
3335497987
1188014339
3373181955
1225698307
1226106962
3373590610
3375646393
1228162745
1216106072
3363589720
3388011845
1240528197
1206229140
3353712788
1234091735
3381575383
3346284503
1198800855
3357829147
1210345499
3390023342
1242539694
3371827110
1224343462
1239181736
3386665384
1235883317
3383366965
3370715180
1223231532
3386136244
1238652596
1235552303
3383035951
1194231828
3341715476
3365503198
1218019550
1230140115
3377623763
1237691049
3385174697
1234227953
3381711601
1214228974
3361712622
3372987679
1225504031
3368671833
1221188185
3377174546
1229690898
3381098147
1233614499
1219432544
3366916192
1188975087
3336458735
3355701072
1208217424
1221963785
3369447433
3372333673
1224850025
3331713787
1184230139
1208834183
3356317831
3365439384
1217955736
1223414224
3370897872
3359014855
1211531207
1225375609
3372859257
3363750679
1216267031
3338169943
1190686295
1227052769
3374536417
3386356516
1238872868
1217253971
3364737619
1215165731
3362649379
1227093145
3374576793
3324298776
1176815128
1213312190
3360795838
3381519974
1234036326
3340566928
1193083280
3364427706
1216944058
3382910613
1235426965
3369712803
1222229155
3390387350
1242903702
1215772041
3363255689
1237708017
3385191665
3379700476
1232216828
3374693421
1227209773
3375796398
1228312750
3359148505
1211664857
1206995364
3354479012
1236377218
3383860866
3385695279
1238211631
3369572474
1222088826
3367938399
1220454751
1221105924
3368589572
3375019742
1227536094
1235522793
3383006441
1217725296
3365208944
3383092664
1235609016
3361005915
1213522267
3381575266
1234091618
3390914342
1243430694
3360906150
1213422502
3384877592
1237393944
3372752859
1225269211
3386064739
1238581091
1231352707
3378836355
1225933860
3373417508
1225594753
3373078401
1235799264
3383282912
3387674738
1240191090
3374082037
1226598389
1221458263
3368941911
3375136039
1227652391
1227007008
3374490656
3368362539
1220878891
3360689721
1213206073
3374812907
1227329259
3384373023
1236889375
1226877325
3374360973
1236212093
3383695741
3380974812
1233491164
3386076541
1238592893
1232996454
3380480102
1227254514
3374738162
3358854135
1211370487
1233734613
3381218261
1226113536
3373597184
1224970306
3372453954
3367075338
1219591690
1238925674
3386409322
1238568217
3386051865
3370975497
1223491849
1228556366
3376040014
3352639346
1205155698
3359813936
1212330288
1065353216
1065353216
1065353216
1065353216
1065353216
1065353216
1065353216
1065353216
1065353216
1065353216
1065353216
1065353216
1065353216
1065353216
1065353216
1065353216
1065353216
1065353216
1065353216
1065353216
1065353216
1065353216
1065353216
1065353216
1065353216
1065353216
1065353216
1065353216
1065353216
1065353216
1065353216
1065353216
1065353216
1065353216
1065353216
1065353216
1065353216
1065353216
1065353216
1065353216
1065353216
1065353216
1065353216
1065353216
1065353216
1065353216
1065353216
1065353216
1065353216
1065353216
1065353216
1065353216
1065353216
1065353216
1065353216
1065353216
1065353216
1065353216
1065353216
1065353216
1065353216
1065353216
1065353216
1065353216
1065353216
1065353216
1065353216
1065353216
1065353216
1065353216
1065353216
1065353216
1065353216
1065353216
1065353216
1065353216
1065353216
1065353216
1065353216
1065353216
1065353216
1065353216
1065353216
1065353216
1065353216
1065353216
1065353216
1065353216
1065353216
1065353216
1065353216
1065353216
1065353216
1065353216
1065353216
1065353216
1065353216
1065353216
1065353216
1065353216
1065353216
1065353216
1065353216
1065353216
1065353216
1065353216
1065353216
1065353216
1065353216
1065353216
1065353216
1065353216
1065353216
1065353216
1065353216
1065353216
1065353216
1065353216
1065353216
1065353216
1065353216
1065353216
1065353216
1065353216
1065353216
1065353216
1065353216
1065353216
1065353216
1065353216
1065353216
1065353216
1065353216
1065353216
1065353216
1065353216
1065353216
1065353216
1065353216
1065353216
1065353216
1065353216
1065353216
1065353216
1065353216
1065353216
1065353216
1065353216
1065353216
1065353216
1065353216
1065353216
1065353216
1065353216
1065353216
1065353216
1065353216
1065353216
1065353216
1065353216
1065353216
1065353216
1065353216
1065353216
1065353216
1065353216
1065353216
1065353216
1065353216
1065353216
1065353216
1065353216
1065353216
1065353216
1065353216
1065353216
1065353216
1065353216
1065353216
1065353216
1065353216
1065353216
1065353216
1065353216
1065353216
1065353216
1065353216
1065353216
1065353216
1065353216
1065353216
1065353216
1065353216
1065353216
1065353216
1065353216
1065353216
1065353216
1065353216
1065353216
1065353216
1065353216
1065353216
1065353216
1065353216
1065353216
1065353216
1065353216
1065353216
1073741824
1077936128
1082130432
1084227584
1086324736
1088421888
1090519040
1091567616
1092616192
1093664768
1094713344
1095761920
1096810496
1097859072
1098907648
1099431936
1099956224
1100480512
1101004800
1101529088
1102053376
1102577664
1103101952
1103626240
1104150528
1104674816
1105199104
1105723392
1106247680
1106771968
1107296256
1107558400
1107820544
1108082688
1108344832
1108606976
1108869120
1109131264
1109393408
1109655552
1109917696
1110179840
1110441984
1110704128
1110966272
1111228416
1111490560
1111752704
1112014848
1112276992
1112539136
1112801280
1113063424
1113325568
1113587712
1113849856
1114112000
1114374144
1114636288
1114898432
1115160576
1115422720
1115684864
1115815936
1115947008
1116078080
1116209152
1116340224
1116471296
1116602368
1116733440
1116864512
1116995584
1117126656
1117257728
1117388800
1117519872
1117650944
1117782016
1117913088
1118044160
1118175232
1118306304
1118437376
1118568448
1118699520
1118830592
1118961664
1119092736
1119223808
1119354880
1119485952
1119617024
1119748096
1119879168
1120010240
1120141312
1120272384
1120403456
1120534528
1120665600
1120796672
1120927744
1121058816
1121189888
1121320960
1121452032
1121583104
1121714176
1121845248
1121976320
1122107392
1122238464
1122369536
1122500608
1122631680
1122762752
1122893824
1123024896
1123155968
1123287040
1123418112
1123549184
1123680256
1123811328
1123942400
1124073472
1124139008
1124204544
1124270080
1124335616
1124401152
1124466688
1124532224
1124597760
1124663296
1124728832
1124794368
1124859904
1124925440
1124990976
1125056512
1125122048
1125187584
1125253120
1125318656
1125384192
1125449728
1125515264
1125580800
1125646336
1125711872
1125777408
1125842944
1125908480
1125974016
1126039552
1126105088
1126170624
1126236160
1126301696
1126367232
1126432768
1126498304
1126563840
1126629376
1126694912
1126760448
1126825984
1126891520
1126957056
1127022592
1127088128
1127153664
1127219200
1127284736
1127350272
1127415808
1127481344
1127546880
1127612416
1127677952
1127743488
1127809024
1127874560
1127940096
1128005632
1128071168
1128136704
1128202240
1128267776
1128333312
1128398848
1128464384
1128529920
1128595456
1128660992
1128726528
1128792064
1128857600
1128923136
1128988672
1129054208
1129119744
1129185280
1129250816
1129316352
1129381888
1129447424
1129512960
1129578496
1129644032
1129709568
1129775104
1129840640
1129906176
1129971712
1130037248
1130102784
1130168320
1130233856
1130299392
1130364928
1130430464
1130496000
1130561536
1130627072
1130692608
1130758144
1130823680
1130889216
1130954752
1131020288
1131085824
1131151360
1131216896
1131282432
1131347968
1131413504
1131479040
1131544576
1131610112
1131675648
1131741184
1131806720
1131872256
1131937792
1132003328
1132068864
1132134400
1132199936
1132265472
1132331008
1132396544
1132462080
1132494848
1132527616
1132560384
1132593152
1132625920
1132658688
1132691456
1132724224
1132756992
1132789760
1132822528
1132855296
1132888064
1132920832
1132953600
1132986368
1133019136
1133051904
1133084672
1133117440
1133150208
1133182976
1133215744
1133248512
1133281280
1133314048
1133346816
1133379584
1133412352
1133445120
1133477888
1133510656
1133543424
1133576192
1133608960
1133641728
1133674496
1133707264
1133740032
1133772800
1133805568
1133838336
1133871104
1133903872
1133936640
1133969408
1134002176
1134034944
1134067712
1134100480
1134133248
1134166016
1134198784
1134231552
1134264320
1134297088
1134329856
1134362624
1134395392
1134428160
1134460928
1134493696
1134526464
1134559232
1134592000
1134624768
1134657536
1134690304
1134723072
1134755840
1134788608
1134821376
1134854144
1134886912
1134919680
1134952448
1134985216
1135017984
1135050752
1135083520
1135116288
1135149056
1135181824
1135214592
1135247360
1135280128
1135312896
1135345664
1135378432
1135411200
1135443968
1135476736
1135509504
1135542272
1135575040
1135607808
1135640576
1135673344
1135706112
1135738880
1135771648
1135804416
1135837184
1135869952
1135902720
1135935488
1135968256
1136001024
1136033792
1136066560
1136099328
1136132096
1136164864
1136197632
1136230400
1136263168
1136295936
1136328704
1136361472
1136394240
1136427008
1136459776
1136492544
1136525312
1136558080
1136590848
1136623616
1136656384
1136689152
1136721920
1136754688
1136787456
1136820224
1136852992
1136885760
1136918528
1136951296
1136984064
1137016832
1137049600
1137082368
1137115136
1137147904
1137180672
1137213440
1137246208
1137278976
1137311744
1137344512
1137377280
1137410048
1137442816
1137475584
1137508352
1137541120
1137573888
1137606656
1137639424
1137672192
1137704960
1065353216
1056964608
1051372203
1048576000
1045220557
1042983595
1041385765
1040187392
1038323257
1036831949
1035611788
1034594987
1033734617
1032997157
1032358025
1031798784
1030811889
1029934649
1029149750
1028443341
1027804209
1027223180
1026692675
1026206379
1025758986
1025346009
1024963622
1024608549
1024277963
1023969417
1023680776
1023410176
1022901776
1022423281
1021972129
1021546041
1021142985
1020761142
1020398881
1020054733
1019727372
1019415601
1019118330
1018834572
1018563425
1018304067
1018055745
1017817771
1017589509
1017370378
1017159841
1016957401
1016762600
1016575014
1016394249
1016219941
1016051748
1015889355
1015732467
1015580809
1015434122
1015292168
1015154721
1015021568
1014763457
1014513168
1014270349
1014034673
1013805828
1013583521
1013367476
1013157433
1012953144
1012754377
1012560910
1012372534
1012189051
1012010273
1011836021
1011666125
1011500424
1011338764
1011181000
1011026993
1010876609
1010729722
1010586212
1010445964
1010308867
1010174817
1010043713
1009915459
1009789963
1009667137
1009546898
1009429163
1009313855
1009200901
1009090229
1008981770
1008875459
1008771233
1008669030
1008568793
1008470465
1008373992
1008279322
1008186406
1008095194
1008005641
1007917702
1007831333
1007746492
1007663140
1007581237
1007500747
1007421633
1007343859
1007267393
1007192201
1007118251
1007045514
1006973960
1006903560
1006834287
1006766113
1006699012
1006632960
1006502904
1006374849
1006248749
1006124560
1006002238
1005881741
1005763030
1005646065
1005530807
1005417220
1005305267
1005194913
1005086124
1004978868
1004873112
1004768825
1004665976
1004564536
1004464476
1004365769
1004268386
1004172302
1004077490
1003983926
1003891585
1003800443
1003710477
1003621665
1003533984
1003447413
1003361930
1003277517
1003194152
1003111816
1003030490
1002950156
1002870796
1002792392
1002714928
1002638385
1002562748
1002488001
1002414128
1002341114
1002268944
1002197604
1002127079
1002057356
1001988420
1001920259
1001852859
1001786209
1001720295
1001655105
1001590627
1001526851
1001463764
1001401355
1001339614
1001278529
1001218091
1001158290
1001099114
1001040555
1000982602
1000925247
1000868481
1000812293
1000756676
1000701621
1000647119
1000593162
1000539742
1000486851
1000434481
1000382625
1000331274
1000280422
1000230061
1000180185
