# verifyGEMV input -- double.  IEEE-754 64-bit patterns, decimal.
# per case: M*N matrix (row-major) then N vector entries
# n_cases M N
4 2 64
4601684771204069902
4606641542375726112
4606155837361302866
4599958286014165956
4599077585062183958
4601874190942561328
4599402349457402210
4604731136184643386
4605086466584321767
4604884563774604924
4598235945408378272
4604900655950605713
4601253045218346238
4576326218474636288
4604063251459826462
4603214799494134566
4602913435412929865
4600201442253511160
4597412953524526752
4607160256774731562
4596744840308806340
4606227919308490489
4602298945368275420
4599486775954215462
4595026558769031920
4606343973309263605
4605083642354436519
4590917458283554184
4607011743518362023
4604440333808043398
4604864201177367448
4604162362319067310
4605051650099805906
4603589005599966705
4606254500654875089
4598905662191752014
4595458012452763440
4604499021416025653
4592367412821212584
4597772830000633808
4593700216467975692
4599276846221859268
4601572425514990566
4601092492725982408
4593955479860284536
4603321250712587049
4591474921762552952
4595705211477129944
4602724314781380684
4606572896179074808
4589452970283921928
4592065415752227072
4574562184077222656
4599727480270092584
4592045927694427896
4603483547659080667
4595319146121005724
4604328644149793449
4589621462650942776
4594416614532279936
4599102558650420250
4594425308592543200
4587518234675617744
4593897605964228436
4603105298184592744
4600166156065318190
4606053960627834167
4603614373982276053
4603345771171387666
4597724799179043512
4595067779453091028
4592874463377918352
4605731844193912972
4603944376947356806
4600276966171876418
4597805168780746364
4606678292236607705
4602821201111119267
4605449613145663793
4594360964646843180
4607153170683229624
4587895844209215648
4606990621650096006
4604006397334115122
4602334783362292560
4598570225101744492
4604554486107150925
4604044644443048098
4605152681297464115
4580161454958615936
4605543144478405968
4604666548724227503
4601613101057538624
4605219232417344766
4604228702743499894
4603287546859803238
4574827441531958528
4598695305567110492
4606680982709361953
4598716397034794138
4596243006262357588
4603937559734255037
4606156602827959766
4583083258252826272
4601304051001016082
4595896496233971448
4594274313548390416
4601531966594604212
4605844586927306916
4605350314137345595
4603884420645802269
4586196339673949024
4598631739328146224
4603307665221180629
4595686818298848748
4599756161704439874
4592323185106499512
4603948999565268424
4605062803202797170
4600663744443787958
4588329858294642064
4604346050952061164
4601500630170473698
4604128736133876755
4604697045237892261
4604670986649565459
4596967637669152552
4606302357595849030
4605550923416895410
4606110122991658686
4605577080878183916
4604551374456545203
4605198805387876767
4606196919257075732
4598297742561445448
4598740272095048732
4596306803859130020
4585313077786044496
4605155437606508693
4605044273329850001
4590823136157058456
4607070045956794124
4603527958119596653
4606861699474054072
4586195466517140880
4606536856516565997
4588366753149138064
4595417013107750688
4606451316553324282
4606899615330310493
4603436658407512327
4605967380777949865
4595851051000627352
4602863119470780909
4603636801612843536
4599064762443354010
4603345328523204339
4598948635056868400
4603610599112526764
4599196449470839142
4605569740360222549
4604991047852454684
4594144347384525904
4604474138174950749
4603890836750517892
4606883068475778298
4606736578876525262
4604012491770291134
4601289098315304544
4602930555126572632
4597757465229789072
4593901852993875332
4606840458212523226
4598696042462198802
4602903012763075091
4591579734529615032
4604443949970194911
4601762145966501664
4606146495404946892
4607082273594604633
4602514750533656260
4598146790041801948
4601210609512303808
4603159741811577718
4580711610628613280
4596804496439585016
4607065384924241871
4602857263017563459
4600163511546916046
4600210603703826060
4606812480333030697
4600518906690711602
13880103710891704273
13663568440513323143
13930612904651922290
4637212980912146813
4619919470889771889
13704124029463789397
13926294417689452354
4504342442289090384
13690284106515383641
4490599956909141774
13852186365136182640
4587792980191294832
13987564133182919058
4659333086001111202
4627286631485374841
13636965639066152431
13903539821301552930
13886014751509565567
4484207971145134879
4489788975531336312
14013988650343568300
13822662636657413877
13855974221663544294
4658604412200359101
13864563669636233385
4654002741623866350
4721895048681638198
13712034095400004505
4422008509782218772
4724874181458851387
13914905858615753565
13942777501366961697
4570705302576720675
4661459494047587762
4679600530230020958
4415107292991316472
4459365460630203900
13940258256666730930
4420832758225664922
13992746478763949191
4589187428710554418
13660363971549600806
13790298623536455247
4460907924639685618
4558431361855264867
13815280535511119128
4577157392049148041
4684517198246511314
13840477524344402642
4776522471538733752
13663781103674563563
13948480765014317291
13970570925742498147
13746844316362562041
13997661355813511902
4738341097321266921
4615597151439615126
4692781467309109743
13750699786434775954
13938929427507689547
4457716379919164771
4724951274963817533
4706758703175866707
4546385182576709436
13987210885733796911
13745058982557012570
4688425953679652604
4608835830158613124
13940237823037464467
4489767613078452946
4542146750451127808
4664451218153078650
4554860476286105547
4706314718465131430
13862095006477742335
13815143464670908373
4719832595877407866
4540805317613372544
13823766289472233867
4432686231605935995
13705593071713331841
4441719816096495025
13834000460451210615
4676872572767978269
13957412755745225616
13729618103488547440
13868501824562921879
13811814312571292575
4768217245409340578
13669798280552067387
13826748190551863845
4693085907557484405
4782904716557397854
4696380720119328021
13892305039599184319
4469090053605311626
13741633298663811746
4588769440901602965
13997982297702501362
13836012245887525415
13949340363189949203
4764700318051135781
13653183016463599683
13676031875806258941
13769072524727382204
13877875428768796927
4431997074710640593
13937252531664393116
4576456810260134133
13984310555234821923
14014162732090976926
4531680985316236574
4442005502857633474
13667590002294013569
13799993608008179025
4485847532343660841
13928404148787393182
13823277925510694107
4566692162283682816
4428411711213148100
13651521986106126791
4561115865039126284
4696474347951717195
4641264702611578192
4586759268232990832
4428949145911736318
4720663638639568482
4463675089038645376
13829382838002001260
13830831275887616636
4602746605090182179
13825678399062614101
4599477716967220429
4606109000755104613
4608990516561242413
13827812039095159294
13833068955089220021
4596946284953460496
13831181571589185623
4610739476917332900
4612155327789324634
13827776810130909612
13819281683988140187
13832688059737851121
13827826250790499951
4608192188052772439
4608836547283686064
4600206872872830339
4608552165586253003
13822967955179532676
13832852941446659782
4601995357036026725
4581130975435048378
13816626353464801348
13832179001454502167
4605918197321880304
4606135485281773433
13821962774137412555
13832428475680596838
13831340390889834472
4605018544223596348
13833090352354476653
13832625522794694602
4607384041769740885
4596329184440984927
4598732508058959201
13827623096571338109
13824912633457859017
13802912766470358049
4601975466522081239
4598309825927439126
4589455440256014992
13834385738677331203
13827778302931548834
4596711121226752600
4604987956500758852
4610516598234120477
4606419027235570943
13823155858001154819
13832161553477584679
13825056127607107914
4604723889987003663
4602076585676739173
13827580905959408189
13826342793320576412
13824541638062476369
4606154394925480347
13819371680686416914
4610971476130956084
4611842971856412867
13833452571065056121
4607788468972361771
13989331079016235893
4765959042161460085
14006088427309142043
4782716390454366235
4782789018231725000
14006161055086500808
4794301334120844652
14017673370975620460
14003079649049558956
4779707612194783148
13992529785424112728
4769157748569336920
14003704366038145576
4780332329183369768
4785174100906501224
14008546137761277032
4783857602030514673
14007229638885290481
4787134995694551759
14010507032549327567
4763791753958137007
13987163790812912815
14007380306503143519
4784008269648367711
14008414407087922096
4785042370233146288
4786882828931516073
14010254865786291881
13998782660099480908
4775410623244705100
4775949338426976738
13999321375281752546
14011609597555733747
4788237560700957939
14006460998079777354
4783088961225001546
14004530838069542792
4781158801214766984
4783961680059853496
14007333716914629304
4791489958981363010
14014861995836138818
4777280589436693283
14000652626291469091
4782675985028435408
14006048021883211216
4773951741381621782
13997323778236397590
14008622371419370566
4785250334564594758
14003273259908044422
4779901223053268614
4782871811537868973
14006243848392644781
4772786807694437012
13996158844549212820
4785082324267725372
14008454361122501180
4769781139332537947
13993153176187313755
4775504220512982778
13998876257367758586
4784131790382049756
14007503827236825564
4778946339932865801
14002318376787641609
4779798475523776624
14003170512378552432
4785658108133103214
14009030144987879022
4783470877297609012
14006842914152384820
4785986661266322948
14009358698121098756
4770052043669589811
13993424080524365619
4784056967147987676
14007429004002763484
14004293565057255354
4780921528202479546
14012271481622096104
4788899444767320296
4785983792994092558
14009355829848868366
4791892038540253330
14015264075395029138
14008640439654549457
4785268402799773649
14009099457456328397
4785727420601552589
14002439189537356040
4779067152682580232
13985856438190912041
4762484401336136233
14006984419966544171
4783612383111768363
14011945277231613519
4788573240376837711
4779870106038971337
14003242142893747145
4778969930115712253
14002341966970488061
4774109954500188541
13997481991354964349
14007931518211265051
4784559481356489243
14009591676151156553
4786219639296380745
13985569615150019443
4762197578295243635
4778131253981318422
14001503290836094230
13994847173279305444
4771475136424529636
4788113760431770376
14011485797286546184
14009984597507332334
4786612560652556526
4788365170024849248
14011737206879625056
14010987120251878109
4787615083397102301
13993572854957005499
4770200818102229691
4769368769400977441
13992740806255753249
13999326380073182383
4775954343218406575
4607182418800017408
4607182418800017408
4607182418800017408
4607182418800017408
4607182418800017408
4607182418800017408
4607182418800017408
4607182418800017408
4607182418800017408
4607182418800017408
4607182418800017408
4607182418800017408
4607182418800017408
4607182418800017408
4607182418800017408
4607182418800017408
4607182418800017408
4607182418800017408
4607182418800017408
4607182418800017408
4607182418800017408
4607182418800017408
4607182418800017408
4607182418800017408
4607182418800017408
4607182418800017408
4607182418800017408
4607182418800017408
4607182418800017408
4607182418800017408
4607182418800017408
4607182418800017408
4607182418800017408
4607182418800017408
4607182418800017408
4607182418800017408
4607182418800017408
4607182418800017408
4607182418800017408
4607182418800017408
4607182418800017408
4607182418800017408
4607182418800017408
4607182418800017408
4607182418800017408
4607182418800017408
4607182418800017408
4607182418800017408
4607182418800017408
4607182418800017408
4607182418800017408
4607182418800017408
4607182418800017408
4607182418800017408
4607182418800017408
4607182418800017408
4607182418800017408
4607182418800017408
4607182418800017408
4607182418800017408
4607182418800017408
4607182418800017408
4607182418800017408
4607182418800017408
4607182418800017408
4611686018427387904
4613937818241073152
4616189618054758400
4617315517961601024
4618441417868443648
4619567317775286272
4620693217682128896
4621256167635550208
4621819117588971520
4622382067542392832
4622945017495814144
4623507967449235456
4624070917402656768
4624633867356078080
4625196817309499392
4625478292286210048
4625759767262920704
4626041242239631360
4626322717216342016
4626604192193052672
4626885667169763328
4627167142146473984
4627448617123184640
4627730092099895296
4628011567076605952
4628293042053316608
4628574517030027264
4628855992006737920
4629137466983448576
4629418941960159232
4629700416936869888
4629841154425225216
4629981891913580544
4630122629401935872
4630263366890291200
4630404104378646528
4630544841867001856
4630685579355357184
4630826316843712512
4630967054332067840
4631107791820423168
4631248529308778496
4631389266797133824
4631530004285489152
4631670741773844480
4631811479262199808
4631952216750555136
4632092954238910464
4632233691727265792
4632374429215621120
4632515166703976448
4632655904192331776
4632796641680687104
4632937379169042432
4633078116657397760
4633218854145753088
4633359591634108416
4633500329122463744
4633641066610819072
4633781804099174400
4633922541587529728
4634063279075885056
4634204016564240384
4634274385308418048
4634344754052595712
4634415122796773376
4634485491540951040
4634555860285128704
4634626229029306368
4634696597773484032
4634766966517661696
4634837335261839360
4634907704006017024
4634978072750194688
4635048441494372352
4635118810238550016
4635189178982727680
4635259547726905344
4635329916471083008
4635400285215260672
4635470653959438336
4635541022703616000
4635611391447793664
4635681760191971328
4635752128936148992
4635822497680326656
4635892866424504320
4635963235168681984
4636033603912859648
4636103972657037312
4636174341401214976
4636244710145392640
4636315078889570304
4636385447633747968
4636455816377925632
4636526185122103296
4636596553866280960
4636666922610458624
4636737291354636288
4636807660098813952
4636878028842991616
4636948397587169280
4637018766331346944
4637089135075524608
4637159503819702272
4637229872563879936
4637300241308057600
4637370610052235264
4637440978796412928
4637511347540590592
4637581716284768256
4637652085028945920
4637722453773123584
4637792822517301248
4637863191261478912
4637933560005656576
4638003928749834240
4638074297494011904
4638144666238189568
4638215034982367232
4638285403726544896
4638355772470722560
4638426141214900224
4638496509959077888
4638566878703255552
4638637247447433216
4638707616191610880
4607182418800017408
4602678819172646912
4599676419421066581
4598175219545276416
4596373779694328218
4595172819793696085
4594314991293244562
4593671619917905920
4592670820000712476
4591870180066957722
4591215111030249286
4590669220166325589
4590207312512236308
4589811391665874066
4589468260265693457
4589168020290535424
4588638185040256542
4588167220373341980
4587745830934523688
4587366580439587226
4587023449039406616
4586711511402878790
4586426698778222948
4586165620538955093
4585925428558828667
4585703712884865812
4585498420594159464
4585307792038503570
4585130310279789462
4584964660638322961
4584809698070499460
4584664420663164928
4584391475231203080
4584134585412886046
4583892375012758557
4583663620745971484
4583447231574686416
4583242231307153192
4583047743873852442
4582862980812216730
4582687230582855930
4582519849412036120
4582360253411952116
4582207911775508294
4582062340878461975
4581923099150852452
4581789782603141207
4581662020911584597
4581539473982948665
4581421828931458171
4581308797411398676
4581200113257495316
4581095530392418497
4580994820966788968
4580897773702091422
4580804192411133074
4580713894674243440
4580626710652418966
4580542482021164813
4580461061010952465
4580382309542058555
4580306098443128964
4580232306744165392
4580160821035794432
