# verifyGEMV input -- 32-bit integer.  STORED INTEGERS, not decimals.  2/9 rows overflow the accumulator.
# per case: M*N matrix (row-major) then N vector entries
# n_cases M N
3 3 32
-14272
-21082
19333
-1102
15837
-21521
-15264
32246
3895
19676
-24731
19311
-24761
-26227
-6312
-17012
-14665
15815
22415
-856
29932
19416
11204
13092
2661
-26886
-639
-15173
-26427
16648
3039
32308
-185807
-329425
-448341
-238639
-286984
84542
204314
-306020
-172402
-434877
-114512
-201943
-480303
390010
-433454
76252
79747
-13329
376303
-419242
358966
501563
-418017
489551
47676
273247
486537
-143142
-27235
500546
1806
327571
-95335
-44501
9971
54351
-50246
16457
-92899
70414
-28156
98878
-16386
98553
25840
-23573
88905
30670
61943
130806
128900
79123
18938
-125594
-122525
68656
-122657
22600
-31906
-110690
73687
-125043
-24742
70683
16351
5616
5917
7700
2984
3643
-330
15928
3149
-8096
-14588
11115
15106
-1496
-3916
3022
6598
12004
14728
-1042
-5587
-10647
5339
13460
1405
87
-6013
-3622
1670
-7089
-13032
11474
-4008
7187
-1553
6668
-1987
-8102
-2643
-575
8094
-5141
-7955
-6253
1865
1361
-1779
5721
-2379
-1407
1770
-7250
-3332
3541
645
-302
7902
-6067
3213
5505
-1798
-6172
-8176
4147
3727
-2292
3670
-6123
4552
7699
1634
-2033
-4262
-7236
2289
1548
4128
-4830
6800
5633
-5616
-2401
2660
-1404
2492
6390
4849
1664
947
-4695
7244
-349
-7499
6808
11
-7905
-1576
229
2639
-3367
-1612
-696
-7209
5908
-5546
-5393
7083
2288
4239
7551
-1565
6607
7075
-1469
7935
244
7036
7052
2548
6265
3930
-1369
-7149
-136
7193
65
5880
1993
-8714
15378
6878
4713
-13261
-11317
-4953
11891
12026
-5029
-1893
-15846
2150
-1432
16050
11137
-4151
-6210
-2829
8186
-8729
-8999
-13916
3203
-3750
-4228
-15775
10752
5119
-9610
-5610
-1251
1633
-2388
2174
1079
2041
-3740
2049
824
3810
1464
-3825
4012
-3906
-3229
-3662
4054
-858
2675
-3151
-3090
-858
-2025
-3915
-871
-2434
1864
-986
4094
-629
-1634
-2371
1620
6058
25989
-6984
15537
2501
-28332
29690
27922
-3249
6184
-18016
-8603
-8265
5316
-8153
-4911
13721
-26853
-25340
-5683
20573
25816
18249
6716
-2278
20107
-4577
9159
17659
-31169
-16009
-5186
-245
-1135
-279
1792
1350
-1225
482
-693
1052
1676
-1630
-1505
647
-1187
-795
1157
-1334
-375
1135
-198
-517
1870
67
1198
899
-1503
-770
2023
1030
1674
-1102
-1481
-3338
-10135
12250
1857
15160
10116
-11735
1060
-12946
1748
9915
525
-7564
11559
-4554
3557
-7667
-408
-526
4581
-2776
6922
4007
2151
12005
3070
-1544
-14216
-3499
7614
3753
-11757
