# verifyGEMV input -- alpha/beta gemv.  IEEE-754 32-bit patterns, decimal.
# per case: M*N matrix, N vector, M y-entries; then n_ab (alpha, beta) pairs
# n_cases M N n_ab
4 4 64 6
1048769524
1051374124
1045273488
1061852416
1059960110
1052128144
1060512849
1048791152
1061280848
1053956265
1054944333
1056996169
1040404459
1064555459
1058285329
1033428656
1060048862
1057260389
1053174611
1064784074
1037168133
1053421971
1047679809
1048153214
1065076307
1055579740
1064754555
1052798861
1050133919
1057539610
1045823095
1061208857
1055872446
1054294798
1043641606
1037506914
1063006639
1042036520
1064153320
1010607505
1009707842
1041450624
1030626762
1059643156
1057552355
1063583797
1065210460
1043861057
1015643836
1058950202
1039399059
1061541987
1027516139
1058025305
1060513302
1054252898
1053359707
1062659473
1062737224
1061253590
1059574323
1055277135
1063512407
1057456773
1062425393
1044779769
1057259187
1058764815
1050939061
1055898737
1058701937
1062959408
1058771262
1058757344
1052060209
1051263700
1026546944
1053005886
1064687405
1051793929
1063150831
1062598153
1055339074
1037953303
1039907214
1051872703
1063144957
1040685714
1058752882
1048255913
1054623393
1043647822
1044240419
1024152800
1050863360
1063597793
1057908190
1062256359
1063608657
1038237109
1039312237
1063609183
1062450442
1050903038
1059860506
1058282120
1062736405
1063973543
1051555073
1055521304
1044645588
1065311835
1057004694
1033937771
1040237465
1064807259
1064992904
1014323678
1051038474
1064757133
1008060026
1064501285
1065308667
1032799081
1029943174
1057247477
1034383914
1062039079
1060180444
1049128778
1058761261
1049377268
1061076410
1055425039
1064772330
1040394061
1060344662
1061294210
1059266969
1055579868
1057786945
1057082948
1051081401
1061309391
1058050976
1061706973
1048736400
1052790244
1063280225
1061318447
1064312541
1062640350
1059668749
1058699974
1058130416
1050671757
1053072864
1051441228
1064286068
1038849946
1056475333
1044474088
1046510557
1050257969
1043221024
1063326442
1047882067
1065259663
1061402812
1063640035
1058074484
1039397158
1053735420
1051877483
1057464584
1050962382
1031178341
1062937043
1057489931
1028381404
1063357242
1051589619
1061144303
1060504888
1064576159
1062679515
1030364279
1056394904
1057704086
1048797848
1062507937
1061332194
1060476630
1043244573
1049007500
1050914266
1058175821
1027258734
1032043020
1062083035
1065136509
1058587126
1063341737
1064491506
1033190026
1063716823
1063767172
1051127084
1055754604
1056556825
1057315209
1061789523
1030554522
1042045569
1022324807
1029958748
1065014582
1055349089
1055070352
1063402654
1043325210
1057630208
1054022804
1063913567
1047344395
1059912639
1063538537
1046507844
1040763900
1063601990
1064000354
1059100292
1064745683
1038816070
1048591475
1057039282
1057486206
1049397297
1040666139
1052111527
1053819204
1044785275
1055726772
1064655801
1056783465
1048671229
1064972742
1052371686
1061055320
1055169180
1054293177
1053872452
1060137765
1061737748
1059578583
1038223511
1050351854
1059938733
1039681006
1043976075
1059719833
1054137852
1059203019
1038240790
1057323220
1034440774
1026545522
1047971346
1054475831
1064687390
1056993870
1061296373
1063725395
1027212356
1060445391
1058161934
1064899775
1060706501
1049613690
1059406171
1059303539
1049247382
1034172348
1056830017
1059636040
1063960357
1060600042
1059614852
1045352022
1058636132
1065094684
1063214857
1053073659
1036664760
1058719319
1054934994
1057663531
1053901508
1060702911
1064180234
1058780220
1052045125
1035806107
1043865350
1035806511
1036081988
1063634897
1058552248
1049487935
1045407456
1049308999
1042310559
1059385856
1056727258
1059412069
1049429883
1016333625
1037665315
1027197591
1059913653
1060458117
1053418363
1055936350
1044983351
3162986496
978663217
3047775592
893998259
976529963
3297978141
3322341121
3382105275
3307653252
1074367881
902715237
978065324
3356790222
3200679028
1096298786
1045540534
3282033835
1042335698
1051382899
931460603
3053573807
1184496757
3319011893
3358771956
929146597
963242535
1231388112
893409034
3366189825
1182185060
1111418329
3218193619
3215424769
3239510347
3233819308
3241575021
1148742765
3123658523
1099203979
3386775905
1006729780
3081661974
1222208671
1025757803
3112233284
3146449390
3046013030
3246910794
3348792534
3353381476
3208206147
1198910332
3387307980
3036590595
3091903157
936978569
3138071990
3191262675
1015233417
1090827678
1205173661
3119725467
3148483614
895592744
1040228230
1154414314
1200087939
3292105820
906847184
3299575688
3338869252
3318021959
1176480461
3132152758
967995048
1073491105
1033667996
3275616383
3275942915
3073679976
3102451410
3382395824
970255211
963128104
1211728971
3053661163
3081496372
3098703243
3269198222
1216240519
3358688818
1002400553
908805430
3284606292
3068066198
3099801571
1015594350
3157332298
3121025915
1017864636
1117407843
1067365731
873633716
3340316877
890436096
1074411595
1095299384
1227755817
3035301073
1109471472
973935130
3349867748
3292728687
3370227523
3146352695
1024908349
3096866042
1074388786
3213227471
3124008406
3272018794
3149611632
981284804
1009555170
1091014691
3033423240
1000647675
1160504973
1195963759
3291015287
1176363376
1163076899
1143766365
1069950201
1121915117
902357536
3204556877
920693094
1106817819
3346953152
2995872959
901202621
3051535798
3079094594
1011370715
3230540100
3295478688
3302008130
931380506
1007537361
3309310409
1012878595
3130899473
1064219970
3343003601
1121348412
1189785259
1005219751
3039507291
1232440435
1125291380
907632521
3049732741
1148039170
978171189
898628237
3283998558
3299245364
1154067256
1208676019
1013364567
3079610600
3226452156
1148383388
3073740975
3046888781
3108631556
1046005421
930569639
960932747
1111444916
3373235435
3300914848
3330001121
3233556870
890973750
882843143
3159063228
1200333577
1087257964
957253204
1050550172
3191482287
1200367119
1182928947
3213174216
2984015265
897588678
3324004562
3278356369
3165548271
3217210194
1007928375
1121633253
1115043512
1096726899
1179869477
3310323793
1068408950
3349643370
894318459
3382655623
1015946840
1228874979
3291537311
3211610795
3272980195
887651244
3077853686
996484148
1200117184
3121095569
882160503
3060370746
1218583442
879590009
3152393642
3080857310
1008327472
1091634865
3121141989
3381728822
911577723
1097386644
1025038939
3113949651
3221386556
3077120584
3313106796
1181899905
3380936815
3068075252
943815493
1065288047
1208773654
1127894090
1150407338
3251360332
968861862
925804064
3376831432
1209297099
3353390951
1234829610
1177373335
884857184
3213142703
3201111273
1065687194
3219612286
3163731131
3188662632
1067910862
1071513706
3218245910
1071287506
1072514775
1049920339
3201037150
3186556437
3211624321
1047182180
1074578999
1051999435
1063523394
3206611167
1066710022
1063166831
3212937514
3218405671
1063302140
1071228084
3205255557
1069238162
3212928875
1064390159
1064495473
1034737842
1062615343
3188735793
3225541982
1058180863
1074540077
1067429288
3214495108
1064272942
3216143394
3205168753
3204397441
1059106023
1047905189
3215681160
1054393065
3206006010
3215992747
1042044245
1072602875
3213981451
3170371705
1064842190
1059322111
1059092135
3200521602
1066415436
3212866111
1060654721
1038726062
3214806875
3203209548
1070896432
3469934611
1292476721
1318567838
1310400193
3386193584
1238709936
3382281877
1234798229
3348642068
1201158420
3381071841
1233588193
3381922647
1234438999
1197017842
3344501490
3365210154
1217726506
1225473810
3372957458
1208660399
3356144047
1209888385
3357372033
1229406373
3376890021
1232737586
3380221234
3387517127
1240033479
3374119931
1226636283
1234070117
3381553765
3357621674
1210138026
3363401027
1215917379
3382281024
1234797376
3376133131
1228649483
1204559206
3352042854
1240800511
3388284159
1204202053
3351685701
1191326242
3338809890
3382148262
1234664614
3380932094
1233448446
1229180064
3376663712
1240092227
3387575875
1225998514
3373482162
1218500678
3365984326
3380635235
1233151587
1224760729
3372244377
3366658551
1219174903
1227083892
3374567540
1214280931
3361764579
3365606217
1218122569
1217704981
3365188629
3371800816
1224317168
1225999768
3373483416
1228317115
3375800763
1229350712
3376834360
3377333954
1229850306
3372489113
1225005465
1241027444
3388511092
1214882988
3362366636
1224426918
3371910566
3382949470
1235465822
3385913307
1238429659
1224947794
3372431442
1217428903
3364912551
3387634363
1240150715
1208733416
3356217064
1201088006
3348571654
1233830160
3381313808
3351822521
1204338873
1217239649
3364723297
1204162965
3351646613
1211176489
3358660137
3352406219
1204922571
1247809574
3395293222
3381300058
1233816410
3367520351
1220036703
3379332069
1231848421
3380138143
1232654495
3366219705
1218736057
3364435429
1216951781
3352761427
1205277779
1243852994
3391336642
3337175435
1189691787
1234174654
3381658302
1175527138
3323010786
1221506261
3368989909
3377589826
1230106178
3358615309
1211131661
1238630177
3386113825
1225692986
3373176634
1214467431
3361951079
3386413557
1238929909
3390176858
1242693210
3389574396
1242090748
1225699020
3373182668
3371965991
1224482343
3374508147
1227024499
3381868612
1234384964
3376012556
1228528908
1241890070
3389373718
3381154854
1233671206
3379879705
1232396057
3333655474
1186171826
1217740112
3365223760
1234293804
3381777452
1226673495
3374157143
3377259914
1229776266
1241507195
3388990843
1238668455
3386152103
1222958104
3370441752
1232049229
3379532877
1228755522
3376239170
3373528469
1226044821
3372452613
1224968965
1232575381
3380059029
1230801513
3378285161
1218257690
3365741338
3360216337
1212732689
3376745411
1229261763
3369896490
1222412842
1212379834
3359863482
1228438387
3375922035
1234530995
3382014643
1222028824
3369512472
3329663398
1182179750
1202337207
3349820855
3383930709
1236447061
3372044967
1224561319
1228692763
3376176411
1222164661
3369648309
3373897137
1226413489
1227868116
3375351764
1242429606
3389913254
3365735004
1218251356
3364385580
1216901932
3365888822
1218405174
1229842242
3377325890
3366985864
1219502216
3356386646
1208902998
1229348913
3376832561
1228299737
3375783385
1228634443
3376118091
3378060440
1230576792
1065353216
1065353216
1065353216
1065353216
1065353216
1065353216
1065353216
1065353216
1065353216
1065353216
1065353216
1065353216
1065353216
1065353216
1065353216
1065353216
1065353216
1065353216
1065353216
1065353216
1065353216
1065353216
1065353216
1065353216
1065353216
1065353216
1065353216
1065353216
1065353216
1065353216
1065353216
1065353216
1065353216
1065353216
1065353216
1065353216
1065353216
1065353216
1065353216
1065353216
1065353216
1065353216
1065353216
1065353216
1065353216
1065353216
1065353216
1065353216
1065353216
1065353216
1065353216
1065353216
1065353216
1065353216
1065353216
1065353216
1065353216
1065353216
1065353216
1065353216
1065353216
1065353216
1065353216
1065353216
2969969512
2959109065
2964243276
2957611306
1065353216
1073741824
1077936128
1082130432
1084227584
1086324736
1088421888
1090519040
1091567616
1092616192
1093664768
1094713344
1095761920
1096810496
1097859072
1098907648
1099431936
1099956224
1100480512
1101004800
1101529088
1102053376
1102577664
1103101952
1103626240
1104150528
1104674816
1105199104
1105723392
1106247680
1106771968
1107296256
1107558400
1107820544
1108082688
1108344832
1108606976
1108869120
1109131264
1109393408
1109655552
1109917696
1110179840
1110441984
1110704128
1110966272
1111228416
1111490560
1111752704
1112014848
1112276992
1112539136
1112801280
1113063424
1113325568
1113587712
1113849856
1114112000
1114374144
1114636288
1114898432
1115160576
1115422720
1115684864
1115815936
1115947008
1116078080
1116209152
1116340224
1116471296
1116602368
1116733440
1116864512
1116995584
1117126656
1117257728
1117388800
1117519872
1117650944
1117782016
1117913088
1118044160
1118175232
1118306304
1118437376
1118568448
1118699520
1118830592
1118961664
1119092736
1119223808
1119354880
1119485952
1119617024
1119748096
1119879168
1120010240
1120141312
1120272384
1120403456
1120534528
1120665600
1120796672
1120927744
1121058816
1121189888
1121320960
1121452032
1121583104
1121714176
1121845248
1121976320
1122107392
1122238464
1122369536
1122500608
1122631680
1122762752
1122893824
1123024896
1123155968
1123287040
1123418112
1123549184
1123680256
1123811328
1123942400
1124073472
1124139008
1124204544
1124270080
1124335616
1124401152
1124466688
1124532224
1124597760
1124663296
1124728832
1124794368
1124859904
1124925440
1124990976
1125056512
1125122048
1125187584
1125253120
1125318656
1125384192
1125449728
1125515264
1125580800
1125646336
1125711872
1125777408
1125842944
1125908480
1125974016
1126039552
1126105088
1126170624
1126236160
1126301696
1126367232
1126432768
1126498304
1126563840
1126629376
1126694912
1126760448
1126825984
1126891520
1126957056
1127022592
1127088128
1127153664
1127219200
1127284736
1127350272
1127415808
1127481344
1127546880
1127612416
1127677952
1127743488
1127809024
1127874560
1127940096
1128005632
1128071168
1128136704
1128202240
1128267776
1128333312
1128398848
1128464384
1128529920
1128595456
1128660992
1128726528
1128792064
1128857600
1128923136
1128988672
1129054208
1129119744
1129185280
1129250816
1129316352
1129381888
1129447424
1129512960
1129578496
1129644032
1129709568
1129775104
1129840640
1129906176
1129971712
1130037248
1130102784
1130168320
1130233856
1130299392
1130364928
1130430464
1130496000
1130561536
1130627072
1130692608
1130758144
1130823680
1130889216
1130954752
1131020288
1131085824
1131151360
1131216896
1131282432
1131347968
1131413504
1131479040
1131544576
1131610112
1131675648
1131741184
1131806720
1131872256
1131937792
1132003328
1132068864
1132134400
1132199936
1132265472
1132331008
1132396544
1132462080
1065353216
1056964608
1051372203
1048576000
1045220557
1042983595
1041385765
1040187392
1038323257
1036831949
1035611788
1034594987
1033734617
1032997157
1032358025
1031798784
1030811889
1029934649
1029149750
1028443341
1027804209
1027223180
1026692675
1026206379
1025758986
1025346009
1024963622
1024608549
1024277963
1023969417
1023680776
1023410176
1022901776
1022423281
1021972129
1021546041
1021142985
1020761142
1020398881
1020054733
1019727372
1019415601
1019118330
1018834572
1018563425
1018304067
1018055745
1017817771
1017589509
1017370378
1017159841
1016957401
1016762600
1016575014
1016394249
1016219941
1016051748
1015889355
1015732467
1015580809
1015434122
1015292168
1015154721
1015021568
1066318650
1067256756
3163038375
1017955749
1065353216
0
0
1065353216
1075838976
3217031168
1036831949
1050253722
841731191
1287568416
3226468352
1089994752
