# verifyGEMV input -- float, 5-arg gemv.  IEEE-754 bit patterns.
# per case: M*N matrix (row-major) then N vector entries
# n_cases M N
4 4 64
1064060759
1059071467
1044012751
1064545791
1062320107
1057306478
1058420299
1063609386
1046025538
1060378650
1059630800
1046835394
1061255973
1036017075
1057885800
1057768882
1056057349
1048718188
1065295630
1050774301
1063687268
1046219092
1056816263
1053216030
1017922630
1060793302
1015458684
1058744659
1054899590
1062970019
1062817532
1058995085
1045470575
1059990601
1048800437
1056142751
1042442323
1049209986
1056323096
1063497373
1051663213
1064969905
1042466207
1062953962
1033589359
1061303863
1045647912
1057559084
1062828238
1059611135
1058196699
1062733837
1061210443
1051807028
1058859086
1053198425
1064625199
1060718738
1057462013
1060788779
1052638378
1055601988
1038048937
1057816505
1060054249
1047830591
1057511871
1056761294
1061349570
1058183827
1064095450
1057515363
1064890619
1046470859
1031226924
1057131814
1001427842
1060276198
1061739191
1050551626
1052658734
1059768960
1062098660
1042006561
1052457352
1050160457
1044008710
1059673648
1064046585
1028539410
1059319287
1064857146
1057235197
1052893240
1044047088
1000330158
1034771376
1045068763
1057036837
1046413199
1055500104
1060212553
1063148141
1032143004
1025174625
1057183421
1054671264
1062440201
1048971584
1057046754
1034228580
1038916130
1064616027
1045388582
1054894095
1053453217
1057936055
1051811600
1062079462
1050062444
1063908890
1051615767
1055066508
1058862782
1041910164
1059037905
1052547238
1057281824
1026794844
1044967185
1041041099
1055712906
1051776406
1053361015
1059888040
1049128695
1055132465
1062308965
1055483400
1048094514
1045418071
1049521846
1059919523
1061610109
1051340816
1057670549
1040688814
1062188214
1065030806
1062396073
1057615373
1063859730
1034574284
1037751375
1056034373
1063002714
1058857595
1048989810
1053307856
1062794080
1063814263
1062798543
1049235910
1033511673
1056971669
1059560516
1049038755
1046042719
1024895837
1025915528
1060728023
1059502229
1055667317
1051853950
1061840454
1053322225
1032640879
1057792267
1042529562
1059765170
1043710638
1061899472
1057223795
1043103961
1058607045
1059805465
1063627480
1062721514
1042749759
1060383328
1059428928
1029370051
1057047686
1055313310
1031702466
1033037419
1038631011
1058826502
1042507512
1062067286
1064905942
1063932356
1059709589
1020849052
1048914237
1060246147
1060577936
1047148835
1064079596
1061642901
1048767377
1054155030
1062976933
1064368245
1041902646
1062062514
1061666726
1059569009
1062910545
1061136516
1032619274
1060461404
1049531684
1062210228
1033032325
1064574810
1011437100
1062741972
1029421549
1028009175
1062383903
1064342878
1045233968
1057606174
1057468591
1064383237
1064464488
1058343685
1052748091
1064613184
1035606044
1059343338
1018171539
1058664488
1044709111
1049704815
1055026917
1051276911
1061394004
1003855884
1041960486
1056649802
1064098566
1035424063
1048957068
1063280000
1054332427
1060904894
995112648
1035636584
1056578463
980475229
1057081877
1065314024
1052153637
1058300814
1061957130
1057766601
1051311546
1040006290
1046048941
1056410951
1062785273
1056212304
1061883180
1051937679
1059221602
1059189031
1056359497
1061884026
1049324186
1063540043
1050170692
1061720545
1062224381
1053239673
1048560459
1057752541
1041578371
1065056334
1057506568
1033896530
1026589049
1058910266
1037121743
1046488720
1063986396
1036123729
981814334
1041659449
1063113649
1052025513
1063820992
1041909182
1056583958
1057454265
1043981561
1062646423
1021378567
1050104433
1064741687
1058032293
1061351099
1060626973
1057647145
1056717811
1041243130
1047087651
1048007995
1058248204
991762549
3368939159
891936748
3229665885
1049907340
1198733411
3281049090
3118950717
3014138409
3100006218
1231059546
3133612119
3300705434
3182140570
1167794424
3357250005
3152105217
3180646450
1113007339
3379905789
1058198069
1088186638
1107703700
962899681
1208267637
3104785495
1096396571
897833008
1226164785
3170549279
901930065
1207555823
3148779911
3111536534
1197132293
931488436
3272475837
3204852673
1000492845
3299270324
3165839028
962263448
3236070451
939554074
3107369744
1124527954
3288422862
3366855021
3041228565
1174572509
1165908872
910484848
3021202552
1227696061
1033244007
3340628567
973237062
910469343
3210225662
3113409744
1158472461
1089148777
944805476
1133905202
1170608932
3347199387
3186162344
3179236354
1123277036
1201990273
912856861
3150441407
3111923173
3180501013
3218837294
890383006
3359938306
3233877670
3220459896
919865547
951347967
1039110503
948203018
3255570201
3269203421
1198494766
936960610
1125359315
900448291
1153030346
3280142494
3113215465
3273367429
1066123180
1096342188
3273626098
1033888369
1230570195
1051693498
1130229583
3344963680
875788771
3088881212
1176807147
3072495497
908323563
1108422938
3233718029
1149557368
3176706557
888332067
3320325143
1112402213
3066796349
1005258667
1148623974
3283196663
3386939596
1213766852
992107673
1097962699
3205213310
3351957125
3332297373
3157750392
1232043311
3068021161
3037174033
3179926577
3176396018
980173339
951790446
3232291268
1109461619
3072292806
3039703124
3108391463
898542957
3345690242
3365998995
3374623899
1149630094
3363366138
3201874705
3204522323
3076276475
979606600
3231890579
1092154354
1078305017
3236716617
3058946253
3053437871
1126040449
3301640580
1093509609
3252482353
3037157610
3277947851
3022088061
1149371217
1179478521
1004600674
1062552945
1141259291
1033298377
1168244417
3346473069
1187909335
1092726387
3332986114
1245225151
3270327007
1141044812
896724828
3264620553
3237366941
1150080512
1156393308
1173541283
3349137978
3161023775
3157783022
3040539235
955877231
3161896588
3045998244
1102318289
3234716261
1170423723
3183888514
3090293233
3051509766
1128478155
3354231036
1092989922
950799525
1059474278
3045208834
890753481
3127553420
925302767
3077532635
3119095660
3158069023
3030666902
3037925245
3358668292
1114038794
3262549014
3371610523
3332286779
1159562712
1008458565
1079870898
1128033755
1007633127
945124429
891873207
922791256
996971402
3153095706
978470962
1166502557
1210544043
3304011685
3358878503
1083867037
1158013066
3093532567
3034672345
3109157490
3257072502
889489001
1122855651
3053161646
3066398848
1133245107
3294508526
917771532
1157440502
1018658692
902855423
1225895903
928951578
917092776
3325184748
1087211762
3047989936
882659072
1034743812
3150530772
3025752155
1128580500
3046734774
950944428
3170807507
3218528848
3192806994
1072136818
1024203314
1069038307
3212624494
1038970275
3195213780
3208628718
1062823900
1072203047
3224147704
3219658604
3206451756
3224518851
1071165600
3209846335
3191316530
1059822830
3189506668
1064179922
3198089849
3209967632
3216248826
3217147888
1079685879
1053778120
1070171870
3217591288
3209295171
1039531342
1065030634
1063320463
1068911254
3210730324
3209641071
1061537814
1056935935
3213314804
1044473502
1068262163
3215638071
1063358604
3211086833
1067794324
1065883149
1067353224
3207604178
3198008079
3214166481
1049455061
1077581615
1066733652
3214392380
1033757770
3216205842
1072064700
1029413725
3213908498
3200122165
1038224838
1073906997
3213262508
3383832139
1236348491
1220518099
3368001747
3387372167
1239888519
3390131700
1242648052
3351119771
1203636123
3380117459
1232633811
1211059647
3358543295
3365006155
1217522507
3390193830
1242710182
3338248342
1190764694
3376592726
1229109078
3388481532
1240997884
1214990730
3362474378
3372520142
1225036494
3365628766
1218145118
1241597061
3389080709
1239260666
3386744314
1220086152
3367569800
3379827102
1232343454
3340258154
1192774506
3379385178
1231901530
1217166196
3364649844
3363992327
1216508679
3385682606
1238198958
1234552342
3382035990
3364876909
1217393261
1240238845
3387722493
3376514753
1229031105
3383905941
1236422293
1233579544
3381063192
3377554105
1230070457
1215560708
3363044356
3358299517
1210815869
1227456389
3374940037
3339710156
1192226508
3362740757
1215257109
1231234482
3378718130
1219881624
3367365272
1222608343
3370091991
1237006681
3384490329
1222287866
3369771514
1229860364
3377344012
1226202203
3373685851
1234673792
3382157440
1216530843
3364014491
1234978516
3382462164
1227570096
3375053744
1217442515
3364926163
1210794434
3358278082
1234127374
3381611022
3382368204
1234884556
1220504606
3367988254
3364292107
1216808459
1231012092
3378495740
1235372235
3382855883
1237892297
3385375945
3383578694
1236095046
3351844915
1204361267
1221270978
3368754626
1215084809
3362568457
3365287442
1217803794
1220514640
3367998288
1231253257
3378736905
1239476831
3386960479
1228961195
3376444843
1233456533
3380940181
3377531409
1230047761
3359861213
1212377565
1230999592
3378483240
3375162344
1227678696
1220345591
3367829239
3383559514
1236075866
1214028639
3361512287
3362802603
1215318955
1182578130
3330061778
3382828647
1235344999
1223805212
3371288860
3350335784
1202852136
1230923974
3378407622
3365575925
1218092277
3378309187
1230825539
1235699567
3383183215
1221781491
3369265139
3366726995
1219243347
1226932938
3374416586
3384028348
1236544700
1233425036
3380908684
1199345436
3346829084
1216559853
3364043501
3388282938
1240799290
1236346599
3383830247
3372726252
1225242604
3374699039
1227215391
1225912654
3373396302
1227508830
3374992478
1222601833
3370085481
1200440741
3347924389
3322805987
1175322339
1223180685
3370664333
3371538357
1224054709
1227847989
3375331637
1233099780
3380583428
3386605809
1239122161
3369728845
1222245197
1219819921
3367303569
3378240055
1230756407
1214691860
3362175508
1224727060
3372210708
1230393593
3377877241
1239731871
3387215519
1230680821
3378164469
1222251605
3369735253
3381248401
1233764753
3376326094
1228842446
1241945794
3389429442
3380239156
1232755508
3313416446
1165932798
1232474142
3379957790
3365030923
1217547275
1231840344
3379323992
3369619139
1222135491
3381174453
1233690805
1228361954
3375845602
3393499417
1246015769
3382493304
1235009656
3384762074
1237278426
1192664678
3340148326
1219700411
3367184059
1065353216
1065353216
1065353216
1065353216
1065353216
1065353216
1065353216
1065353216
1065353216
1065353216
1065353216
1065353216
1065353216
1065353216
1065353216
1065353216
1065353216
1065353216
1065353216
1065353216
1065353216
1065353216
1065353216
1065353216
1065353216
1065353216
1065353216
1065353216
1065353216
1065353216
1065353216
1065353216
1065353216
1065353216
1065353216
1065353216
1065353216
1065353216
1065353216
1065353216
1065353216
1065353216
1065353216
1065353216
1065353216
1065353216
1065353216
1065353216
1065353216
1065353216
1065353216
1065353216
1065353216
1065353216
1065353216
1065353216
1065353216
1065353216
1065353216
1065353216
1065353216
1065353216
1065353216
1065353216
1065353216
1073741824
1077936128
1082130432
1084227584
1086324736
1088421888
1090519040
1091567616
1092616192
1093664768
1094713344
1095761920
1096810496
1097859072
1098907648
1099431936
1099956224
1100480512
1101004800
1101529088
1102053376
1102577664
1103101952
1103626240
1104150528
1104674816
1105199104
1105723392
1106247680
1106771968
1107296256
1107558400
1107820544
1108082688
1108344832
1108606976
1108869120
1109131264
1109393408
1109655552
1109917696
1110179840
1110441984
1110704128
1110966272
1111228416
1111490560
1111752704
1112014848
1112276992
1112539136
1112801280
1113063424
1113325568
1113587712
1113849856
1114112000
1114374144
1114636288
1114898432
1115160576
1115422720
1115684864
1115815936
1115947008
1116078080
1116209152
1116340224
1116471296
1116602368
1116733440
1116864512
1116995584
1117126656
1117257728
1117388800
1117519872
1117650944
1117782016
1117913088
1118044160
1118175232
1118306304
1118437376
1118568448
1118699520
1118830592
1118961664
1119092736
1119223808
1119354880
1119485952
1119617024
1119748096
1119879168
1120010240
1120141312
1120272384
1120403456
1120534528
1120665600
1120796672
1120927744
1121058816
1121189888
1121320960
1121452032
1121583104
1121714176
1121845248
1121976320
1122107392
1122238464
1122369536
1122500608
1122631680
1122762752
1122893824
1123024896
1123155968
1123287040
1123418112
1123549184
1123680256
1123811328
1123942400
1124073472
1124139008
1124204544
1124270080
1124335616
1124401152
1124466688
1124532224
1124597760
1124663296
1124728832
1124794368
1124859904
1124925440
1124990976
1125056512
1125122048
1125187584
1125253120
1125318656
1125384192
1125449728
1125515264
1125580800
1125646336
1125711872
1125777408
1125842944
1125908480
1125974016
1126039552
1126105088
1126170624
1126236160
1126301696
1126367232
1126432768
1126498304
1126563840
1126629376
1126694912
1126760448
1126825984
1126891520
1126957056
1127022592
1127088128
1127153664
1127219200
1127284736
1127350272
1127415808
1127481344
1127546880
1127612416
1127677952
1127743488
1127809024
1127874560
1127940096
1128005632
1128071168
1128136704
1128202240
1128267776
1128333312
1128398848
1128464384
1128529920
1128595456
1128660992
1128726528
1128792064
1128857600
1128923136
1128988672
1129054208
1129119744
1129185280
1129250816
1129316352
1129381888
1129447424
1129512960
1129578496
1129644032
1129709568
1129775104
1129840640
1129906176
1129971712
1130037248
1130102784
1130168320
1130233856
1130299392
1130364928
1130430464
1130496000
1130561536
1130627072
1130692608
1130758144
1130823680
1130889216
1130954752
1131020288
1131085824
1131151360
1131216896
1131282432
1131347968
1131413504
1131479040
1131544576
1131610112
1131675648
1131741184
1131806720
1131872256
1131937792
1132003328
1132068864
1132134400
1132199936
1132265472
1132331008
1132396544
1132462080
1065353216
1056964608
1051372203
1048576000
1045220557
1042983595
1041385765
1040187392
1038323257
1036831949
1035611788
1034594987
1033734617
1032997157
1032358025
1031798784
1030811889
1029934649
1029149750
1028443341
1027804209
1027223180
1026692675
1026206379
1025758986
1025346009
1024963622
1024608549
1024277963
1023969417
1023680776
1023410176
1022901776
1022423281
1021972129
1021546041
1021142985
1020761142
1020398881
1020054733
1019727372
1019415601
1019118330
1018834572
1018563425
1018304067
1018055745
1017817771
1017589509
1017370378
1017159841
1016957401
1016762600
1016575014
1016394249
1016219941
1016051748
1015889355
1015732467
1015580809
1015434122
1015292168
1015154721
1015021568
