# verifyGEMV input -- ap_fixed<24,12>.  STORED INTEGERS, not decimals.  8/9 rows overflow the accumulator.
# per case: M*N matrix (row-major) then N vector entries
# n_cases M N
3 3 32
893
662
-999
-1720
-516
1672
1585
-331
-960
664
334
682
-1632
271
-600
1583
-275
1924
1491
-1357
685
341
1620
714
-521
1517
524
495
-713
-329
-512
-802
-462
-298
-129
406
-384
-107
-18
336
-299
158
-384
-73
-354
-463
-117
-200
16
-142
340
274
-221
-302
-246
88
-359
-404
140
190
-108
-141
-292
-90
-16082
-120093
74832
-18573
68402
66022
-26420
76351
86862
-124721
90578
123028
87075
36606
-130103
-104901
-93337
18390
42108
-13892
-39258
-129680
-81022
-46745
11966
-86628
679
64793
-3179
-129799
51374
-123594
6901
-293
2745
-35
6916
-1957
4634
-5177
-5767
1107
7845
2397
-3888
-6770
-5595
-7717
6272
6602
3160
-751
-3731
4759
5810
5748
4672
5539
7378
-4728
-4376
4764
-4190
-5280
14645
-15407
-6383
7649
9089
-14678
12713
14831
12406
15054
7765
15261
-1691
-6106
16057
7735
-7061
6875
-8656
-11377
-5410
10466
-15516
1749
-13562
14054
-14765
4457
-2822
-5261
3439
8269
19436
14037
3483
14994
28096
-12049
18444
-6473
8937
9374
-29619
-20494
-20390
18924
13795
27927
14723
19738
-21802
19104
17803
-5398
6447
7856
18739
-7218
27124
-11846
9549
-17671
-5913
14984
-28350
66266
126367
119906
-109059
-9983
51114
-105323
8207
-103342
-47066
-128745
110365
107031
-17245
-80070
70561
20225
-66879
-80828
122914
-21317
-25373
46450
38928
130608
21639
80649
108790
-91966
90589
-122666
-4112
-2494
4286
-8064
5178
1234
2122
8018
-2671
5830
166
3560
-97
-3323
5005
6378
-1393
-7065
203
-6397
-1276
5363
8108
-1611
-1051
167
-2357
-870
-7119
1579
5167
7274
35063
11993
64436
50881
55211
-41349
-17609
7541
-13394
5771
-12432
46303
14167
-48093
-49772
23544
-13793
33006
26500
2742
50627
-34756
-63977
8184
54129
31948
17053
-1625
-49789
55910
-32859
-16985
1089
1121
825
-778
-893
-1768
-844
242
1355
-2005
-110
-711
1254
-1316
1713
-582
94
-1037
-1881
1628
358
219
-1940
-1098
1913
-1520
-1547
565
-936
588
-235
426
-3883
-162
192
-2628
832
-3847
-231
-422
-4020
3513
-3879
-3974
-2726
-1145
2134
-2394
-304
2271
1728
4006
-2819
-1411
-2077
-3321
967
-3220
3655
-3784
3633
-856
-3313
1037
-4823
-7718
-6680
-2615
1790
-3102
7535
4847
-7594
7739
546
-6573
-7481
-1710
-7527
2773
-3267
2445
7400
4860
-4821
88
4304
6265
241
-4054
1946
-3959
-5703
-4202
-3453
2793
