# Example input for the `user` DUT -- REPLACE THIS FILE with your own.
# Written by hand here; normally you would write decimals and run encode_user_input.py.
#
# These two directive lines are REQUIRED (make_user_dut.py and verify.py both read them):
# type float
# logp 2
#
# Then 'n_cases M N', then the values: per case, M*N matrix entries (row-major), then N
# vector entries.  Floating-point values are IEEE-754 BIT PATTERNS in decimal.
# See 'Bring your own input' in README.md.
2 3 64
1065353216
1073741824
1077936128
1082130432
1084227584
1086324736
1088421888
1090519040
1091567616
1092616192
1093664768
1094713344
1095761920
1096810496
1097859072
1098907648
1099431936
1099956224
1100480512
1101004800
1101529088
1102053376
1102577664
1103101952
1103626240
1104150528
1104674816
1105199104
1105723392
1106247680
1106771968
1107296256
1107558400
1107820544
1108082688
1108344832
1108606976
1108869120
1109131264
1109393408
1109655552
1109917696
1110179840
1110441984
1110704128
1110966272
1111228416
1111490560
1111752704
1112014848
1112276992
1112539136
1112801280
1113063424
1113325568
1113587712
1113849856
1114112000
1114374144
1114636288
1114898432
1115160576
1115422720
1115684864
1115815936
1115947008
1116078080
1116209152
1116340224
1116471296
1116602368
1116733440
1116864512
1116995584
1117126656
1117257728
1117388800
1117519872
1117650944
1117782016
1117913088
1118044160
1118175232
1118306304
1118437376
1118568448
1118699520
1118830592
1118961664
1119092736
1119223808
1119354880
1119485952
1119617024
1119748096
1119879168
1120010240
1120141312
1120272384
1120403456
1120534528
1120665600
1120796672
1120927744
1121058816
1121189888
1121320960
1121452032
1121583104
1121714176
1121845248
1121976320
1122107392
1122238464
1122369536
1122500608
1122631680
1122762752
1122893824
1123024896
1123155968
1123287040
1123418112
1123549184
1123680256
1123811328
1123942400
1124073472
1124139008
1124204544
1124270080
1124335616
1124401152
1124466688
1124532224
1124597760
1124663296
1124728832
1124794368
1124859904
1124925440
1124990976
1125056512
1125122048
1125187584
1125253120
1125318656
1125384192
1125449728
1125515264
1125580800
1125646336
1125711872
1125777408
1125842944
1125908480
1125974016
1126039552
1126105088
1126170624
1126236160
1126301696
1126367232
1126432768
1126498304
1126563840
1126629376
1126694912
1126760448
1126825984
1126891520
1126957056
1127022592
1127088128
1127153664
1127219200
1127284736
1127350272
1127415808
1127481344
1127546880
1127612416
1127677952
1127743488
1127809024
1127874560
1127940096
1128005632
1128071168
1128136704
1128202240
1128267776
1065353216
1056964608
1051372203
1048576000
1045220557
1042983595
1041385765
1040187392
1038323257
1036831949
1035611788
1034594987
1033734617
1032997157
1032358025
1031798784
1030811889
1029934649
1029149750
1028443341
1027804209
1027223180
1026692675
1026206379
1025758986
1025346009
1024963622
1024608549
1024277963
1023969417
1023680776
1023410176
1022901776
1022423281
1021972129
1021546041
1021142985
1020761142
1020398881
1020054733
1019727372
1019415601
1019118330
1018834572
1018563425
1018304067
1018055745
1017817771
1017589509
1017370378
1017159841
1016957401
1016762600
1016575014
1016394249
1016219941
1016051748
1015889355
1015732467
1015580809
1015434122
1015292168
1015154721
1015021568
844322488
1106181910
3057121414
3043954945
3174710192
3156375724
1058666422
1235458490
3342877863
3206469489
1111748563
1163857388
1009563121
3266975735
3057929792
1088323389
3132108891
3091197982
3303909153
3243135863
3164004348
3028053340
3131449458
1160350284
1042318171
3359018172
3363161854
3344067914
3008384858
871584838
3245658716
3147599065
3323520195
3154412824
926022976
3070720858
3087558634
1118888131
3066286821
3297484960
954706172
975647545
3270836956
1173221423
1040917694
3329342922
979454002
899690939
3318248866
1157238100
1144950943
3354016882
1033411575
946987411
3220284448
1088063490
3151623878
1116042003
985435343
3235395136
1157491803
3063641553
1011909694
3270340700
3038478669
3248289007
1202686514
1177743585
3271842384
3321385828
1003747889
3164813330
3063638525
3267531496
1011741448
1200006706
3198650500
3339712919
3056068414
958382318
3146531158
3030583684
1052018318
3242277779
3248346063
3102319366
3046810486
3230528044
1122580926
1226797576
3306612168
1004209117
3087961399
982116225
3288792368
1030681619
3382547562
1107995657
3246853740
3081419867
3225607550
3155390899
1154289893
935087560
3098438860
3262747603
1101288122
1167724816
3191120843
3137795424
976758142
1001020675
3268328500
3209344069
940835063
3101500470
1132587880
3126913148
952884079
989635276
1175161496
3178370513
3214397969
3081213254
3157876395
1135963007
3332787031
1091007766
3358229609
977690588
3098628167
922923370
928756510
3300924088
1207171440
930210010
3179726009
3057111669
3301430638
3072563833
1121695652
3065391632
3259810556
3348820178
3290203310
3131537751
1178888902
3105985169
1148287740
1124417272
3207709806
3254955154
3344619291
894805635
3033102408
3170218533
3104869845
3348993612
1210156912
3151754016
3157046246
1135126981
1041242828
3077829086
3248935238
3290301277
3052166187
1172679203
3166702966
1144167112
3348295571
1110829542
3148920714
3132837468
3297413208
3047373049
984550659
3204567453
1217293323
3255249256
3314146206
3092581861
975514656
3114157052
3273093523
1018563068
955693903
1143611572
1108937284
3344704804
3244105072
924798464
1069790538
3205375162
3200738153
3219688302
1070127222
1064754812
1063958158
1059798254
1038194069
1046260002
3196126978
3192945825
1029598583
1069646753
1057898896
3178197987
3205780234
3206713155
1070409072
1057076802
1032476658
3199286975
3213751670
3179867830
1063233550
3200842404
3194532424
3194115796
1038119683
3217811400
3195079748
3210394026
1063416874
3208988148
1058257238
1069752516
3198193584
3206152423
1044645585
3137665391
3212729764
1055653281
1073806903
3196331841
3192897223
3213213781
1050894224
3214908651
3213733866
1067699235
3211250630
1066035693
1069751850
1048888944
1057860367
1073341276
3192484652
3206008634
3215799981
1026217227
1069372569
1064675339
3211865316
3210410466
