28947
-26747
-15607
3104
-31975
-7143
-1114
-17183
-20794
27963
30908
16
26063
-912
30190
-29934
6807
-30002
993
25136
21804
-18759
9984
-21819
-16479
-4790
28461
11216
-3952
-19298
17927
5937
61
10089
-20752
27120
-13375
-1422
4876
-21305
-23397
-1649
-31868
6838
-4333
-17103
17183
-11389
7481
-19032
-11525
8288
14237
9197
-1015
-16273
32735
26946
18090
-13661
21668
5152
-15759
18428
-22788
5211
-19707
-27931
-4440
-3477
796
-32386
-20015
-27384
18346
-29523
24145
-18798
-12059
-10698
528
-8828
6184
-7971
14573
32083
-23104
-24946
-14361
-19468
15119
14770
4469
32312
26210
31574
-3418
3531
-6121
-14266
-12681
15959
-17605
-23162
9880
2455
-15422
-12894
23742
-30103
-15031
3842
11361
4834
4468
17916
8418
8422
25914
16961
-21628
30637
-22950
29156
-24780
31588
-27759
25340
2243
4156
-21907
-24147
20130
-16774
-31287
-2962
-8218
-3197
-1757
-28481
-18578
-15090
-9444
-5008
-18168
19743
-14299
-4055
27975
32605
-5428
-7357
-7480
-9471
7285
9145
10757
18368
10503
-15082
-27214
-5765
5367
27288
15461
-11910
19370
10180
5802
23339
-24211
-452
-27280
15827
-11597
17891
28020
23340
-1795
7896
25917
-25222
-2643
-13554
16719
31971
-975
-3059
13677
-16091
-11982
-21886
25550
455
-15355
7960
-32364
-8784
14494
30349
11573
-24526
10282
14123
12282
-23618
5653
-7253
-25214
31705
11088
22282
-32336
-5445
-20786
26650
-5186
10679
-7972
28421
-24972
-24260
-4787
5499
8101
24100
-8031
29446
13664
4816
-17635
15853
-23343
-28998
16311
-16826
11057
4053
-4629
-2963
-23805
-12784
10727
-7849
16381
29299
-22024
-20242
12406
-16090
-9461
27001
27205
27793
16484
-29607
-14829
8625
28706
-15903
-31115
13117
-20656
25046
-16915
-24471
15209
-19321
1714
30911
-2335
-13356
-18185
-384
16807
15310
-25094
6002
-16559
-8741
20077
21337
-3209
-16511
24695
23243
6662
-5367
18975
-6951
-20487
29521
-12045
12400
-8081
30966
-381
4549
-1805
25133
21133
2560
-21418
-10552
23034
31191
25496
30171
-27819
-5222
-32153
-28399
-13583
5179
-6505
-6067
30831
32633
-28089
-9951
18435
-9070
-1611
1104
-24257
-3273
-8777
-5709
-7806
-32594
-16806
12631
-13477
32086
-5249
-9031
30294
-19671
-2697
20117
29500
28213
-30768
136
-28436
-4858
-30946
-14198
10875
22532
-18335
-6028
5008
17773
19357
32497
-11023
3198
-16668
-32353
14772
-2607
-1580
860
-22990
14889
-27038
-28322
15543
-7866
23619
21383
25582
-19930
661
30016
-22712
22023
-17980
-13131
-3046
-488
23059
22353
9843
-3264
-14798
-15024
16773
-8748
-4231
-13312
31638
-6231
-4671
24335
22098
-24507
-31815
24045
14301
27669
-6654
-18617
-65
-21550
-19738
13950
28148
-14308
-19685
24325
4036
11212
6379
14257
23490
-27055
-2185
21090
21619
22368
1566
-16290
29906
28671
14195
-4202
27007
-12661
28990
14926
19808
14382
-24749
-25975
-24614
29860
7618
27478
-14995
1981
-7527
14535
-21376
18500
17181
10795
23232
32675
-24065
21742
1103
22070
-6881
-28405
19006
-23234
-2295
13910
15126
-29664
4332
-27025
31342
1069
-5267
-6430
31959
15767
-5542
14938
-20797
-6575
18486
20222
-14961
-404
4309
23335
9569
1450
-19682
-479
-30514
9931
31918
6053
20800
-6928
-24661
-7424
22804
8719
-15852
17544
-16562
-16348
17866
-12676
16866
32711
22672
20049
-23813
2193
16225
25128
-1978
-18603
-11411
-4506
15355
-22535
22619
31274
-11636
26183
-22623
-20512
32223
5725
27472
-334
-13773
-16186
20605
-26723
-26890
7345
27036
-17270
17999
12134
-19867
13067
-13390
1056
6262
-21288
-9454
13343
15481
-19847
6053
-25267
-19201
28197
7216
27935
-31847
-24509
-25445
-10970
-22204
-3442
-9590
11704
-31988
-3943
28174
23100
-17072
-19768
-15032
26047
-8150
-23941
28884
19102
-9712
8507
-4514
-31708
-13206
-4599
31211
927
-8857
-23420
-27294
6593
10353
8234
14195
-23125
-8373
1123
-18915
11403
-5948
23845
-3994
-15330
32459
31873
23490
594
7923
-19557
-20060
20276
12315
-126
16973
-21043
-27828
571
-7898
-17769
-11348
-17677
4615
-3976
10030
-31341
-20881
-8769
-1989
20519
32254
-30353
-31730
21668
-8455
26739
-10859
20300
-6188
-28362
24195
-21741
-4044
-16886
25105
-9185
4950
-29678
-4941
-21638
-16234
-23667
21208
25580
9450
162
-18860
4205
-24244
-2680
-24548
-23050
26808
-2738
-6332
-4313
20991
-1222
25910
-14389
-17936
-19162
-30634
-32616
-20950
-11872
17889
-8659
-31758
-6435
4202
-31959
-20234
29632
17475
10599
-1352
-18063
3216
17241
-13540
-3925
-2846
10960
-29773
8832
20284
-29118
26705
6940
16557
-10963
-287
15645
22530
6518
-32518
2839
10876
-14337
17523
18036
-11361
-14169
23368
12434
-32756
-15103
8658
8091
-13041
26360
8429
-10820
-16295
-7696
-19020
-7833
8268
19013
-201
-2644
-20495
552
25308
10637
25060
1082
3248
-25744
13506
26421
-3186
4527
19755
-10334
21879
-10132
17311
17969
-16833
11779
-31164
16548
10371
-30495
-5816
23431
25838
-9203
23582
24973
2211
-24123
-8032
10777
13958
32719
13721
9701
11946
16742
22441
32736
5067
-17845
1051
24916
1108
30779
25492
22452
-8733
24209
22407
-4386
320
8468
-27176
-32723
-3344
6687
-13685
24818
1827
-31457
23154
-112
-21008
5775
-1624
-29557
5406
12619
17682
-17510
28899
21266
3316
-5359
27631
-3291
-10712
-292
17322
6375
17283
-7547
3360
-9941
-21379
-4221
-7458
24589
-13707
29174
30597
-22503
9477
14374
26806
30840
-13359
4606
-4657
2017
4415
8576
-9521
-15572
-2851
28892
6508
17774
-30915
-26257
-10499
-32424
-32754
5688
-1145
-2180
7077
21104
-26674
16814
-16903
13103
19922
31843
22300
10673
-7358
-12997
20592
-21089
-14606
-14871
13507
32367
2979
25340
-3926
24783
10252
19245
-31891
25037
-22123
-10244
-13512
22336
11833
-21797
13515
-14616
11846
2714
17538
26197
-27555
10032
-25829
27619
23288
29242
-9383
7339
4480
-28230
229
1465
8300
-15807
-27726
-31183
17680
13828
-24681
26658
11886
-19852
-6414
30299
-508
-32276
11252
30395
-8454
22617
-29751
-28200
30422
-11031
1486
-15857
15869
-7925
2050
27988
20951
31081
4234
-30668
-24724
-14130
9299
27590
-21448
-25456
21210
6039
11866
-11604
28823
8037
8459
21908
-18012
12667
3744
144
17810
-14725
13886
19982
-10336
-17085
10181
-16467
28525
-27207
12111
-3324
-8697
3695
26919
-23207
21471
-5388
23277
16865
-25767
-18313
-13709
-27138
19013
1335
-14759
15864
-27938
-30273
12010
16568
19612
5797
9290
-20387
-10169
-23659
3917
11688
-31358
-21457
4106
4957
23383
15373
-27653
-26517
-7647
-27968
-21964
-15625
-7864
15871
-31916
1064
21480
17991
-247
-11432
-4200
4205
6671
