19302
4043
25761
25088
6405
-9675
13004
-29733
-26700
-14970
5888
-25952
16547
-16064
29404
24960
20676
10906
31894
-24064
13312
8259
-3584
-6209
-29018
6252
-25957
-20656
13424
20652
783
19527
-3537
4385
32128
22576
11093
-11166
-26680
14643
10270
-11471
-12680
-10090
-21958
-11698
-2766
-19958
20590
16104
-14077
-11008
28358
-11883
29355
24424
-1576
21950
6618
-20980
-22728
-8256
16169
-3648
1496
28407
3583
-12769
6184
-8129
-11276
-31960
-777
11768
20136
23889
-28564
-886
3422
25104
13184
-23620
26376
-7666
-17059
26540
7616
-26226
-13354
244
7469
22786
-3888
-5496
29992
27398
6318
10262
3220
-30480
-30469
-17367
23729
-10710
-8672
16951
17816
-7492
-12910
-18301
8746
21744
20555
-6030
-12392
-19820
-30718
27618
-412
-15471
15172
27728
2728
-31964
18700
27660
-3064
24000
-11485
23524
-8362
10171
-21374
28942
29692
31172
-17248
18661
10518
13759
12330
-12362
48
-12448
24912
-19772
-3175
-23712
20932
-31627
-27700
11857
4096
-32570
26496
-28338
-1333
-4928
-1214
-18450
-13874
15646
31271
-24152
-24220
-7046
-16630
16996
-12952
-10654
24840
932
-28560
-23113
-25557
-9615
-13244
29328
-5030
14080
21387
-15362
24445
-17652
8037
18921
16294
-22997
-11535
15563
-29636
-17002
13284
12115
6549
6608
23336
-5536
5308
-20901
19401
-64
-26056
8660
-2858
13168
-4416
12324
9890
6905
11040
21670
23760
-17592
-5402
-29482
13232
-2254
25960
-31500
-20984
-31836
2505
26294
23378
-6088
12714
-8048
992
18768
-4689
14836
14305
11690
28986
19452
20400
21216
-29
-4950
26195
31296
4671
6040
-7856
-14723
30496
28484
2838
6680
964
-13330
-3955
-21877
-25476
29186
20519
-21182
26546
12240
10406
-23332
-5120
27280
-17632
9457
-29385
-23075
17800
28139
3699
31036
-17704
-10240
28197
-23332
13058
24492
2764
-27893
23623
17247
-16841
21131
3788
7555
-26924
-12763
-23891
-9623
-15021
24035
21421
-3424
-25414
-32280
-28135
2606
23865
-3242
5569
30720
-20878
9176
24456
183
-5320
12427
-25104
2468
-30825
-7439
29672
24308
-27713
7115
29115
-16046
-15144
-14503
-4608
28564
2391
30096
13972
-32269
21571
-5605
-31442
30698
7404
-24633
8284
-1864
-14476
-18163
-25262
26917
7738
11777
-7000
-14017
-10096
20112
17364
12870
32004
-6468
-19631
21816
22686
17156
18704
-20878
28314
-14918
11279
26506
-13168
-31341
20580
-20426
-25076
-29748
27748
23144
12344
-27314
18109
-10522
28524
17877
21718
-25102
1220
-128
-10888
-6143
-4704
-30415
6266
17584
6753
-30087
-5029
-29504
-20524
-3776
23926
2944
-5684
-14336
-15580
-28348
-31897
-13580
1512
24555
13225
-22291
31331
32398
-11052
-12288
-1574
18548
-16090
-24292
-16784
-31532
21297
-10532
20504
-24500
7225
-27953
32716
-11426
-12605
-2598
-13426
-2752
2346
31312
9636
24551
22871
-8542
7582
29853
-19696
-1800
17696
-2414
-31240
-15320
29780
-24796
-24862
-12446
-23124
-17270
15116
12811
1408
-5996
-9717
-31232
28608
12903
6605
-12228
25773
14986
20067
31103
-2244
-15794
6047
32582
-8240
-28800
1712
-16617
30396
-1547
-4659
-32658
-28258
-14574
-19374
24682
19656
-14451
6094
8252
-9891
-32356
24637
-22499
31507
17010
-1460
14216
-8686
17752
-24100
31967
-18432
-5424
-1567
31744
7956
32682
-29732
-24904
7346
6516
-28970
-10372
-3686
-17230
-10224
4662
19446
25080
9574
-18592
19246
6460
25203
-22138
-11763
-23683
-12653
-12454
31224
-22538
-4864
-8384
2662
-7368
-5680
23474
-18445
-17504
9133
6483
16454
-24384
13428
-6366
10479
20470
22005
-1764
1730
-18016
-17326
-11256
26766
-24751
29194
31604
-20963
8093
1761
1079
-24320
-21715
-18024
-6069
-29264
-17844
-17316
15612
25648
7840
-12856
5375
-29248
-26560
12176
8648
-25736
8143
-20546
22668
8092
1118
7312
-25277
-5950
-29512
14256
8356
-10976
-31512
-21503
15128
13678
-11791
1135
6336
30253
10914
-99
-17252
-11737
24126
60
-29613
23746
20016
4332
18571
31618
20810
-26225
-6031
2052
19984
30332
-32600
-15766
27919
6064
-15796
-22334
-22051
-13596
20035
-10562
11176
-22356
-1136
-25855
-17980
-29456
15307
-3956
-31816
6548
-29808
24993
-3739
-8925
16524
5236
26048
-19589
-13970
31476
-17186
6133
685
-7934
-424
4915
-27260
-6196
-21543
-21248
28512
-14718
-25646
-8076
8116
-21416
20536
9668
15460
-18176
-16030
30084
8729
3029
-23046
-32514
-23556
-10384
32760
-8780
-13576
-32154
-24800
-8764
-21887
6878
17994
-15232
-21185
21720
-4864
-9377
18004
12144
-31534
31552
31624
-19456
-11340
-15662
18656
21034
13824
-31896
-29306
23277
-25088
28152
23603
-30379
26948
30186
-16228
-31008
-27665
-3264
-5621
-8671
-31928
-15518
-5633
-29448
29182
-10084
-26309
19278
13756
16506
-5680
16432
-10904
10936
4880
-6604
-20764
14128
27287
-30274
14464
8323
-6104
5984
-9331
-28952
10062
-20032
-14864
-24240
-348
-5778
-2552
7023
10584
6098
-1200
-3892
-27117
4463
-23756
5104
-18144
-32588
-31624
-23456
28354
-11386
-26059
1436
-16433
9164
16762
-32064
-3195
4656
-30883
29910
2193
24748
-14018
6484
19104
28020
-28049
-24918
-31272
13404
-15008
-4208
27820
-19589
1627
16342
-19934
26816
-29740
-24744
-24211
26912
3039
8827
-18990
28692
16617
29068
-16512
13680
11021
2000
-2115
25296
14521
-10236
26848
23517
-2488
-36
22945
17141
11749
-6336
8792
10396
-21387
-31433
-30523
-1536
31886
1245
-26525
-17792
4327
-29810
-32400
-4872
-1047
22242
26664
1652
12848
-1873
15142
15272
10946
23318
24832
-13360
-19164
-6261
-23072
-10948
-32166
-11257
29516
15574
-17640
-1488
-3920
-16698
23692
6011
-15408
-25036
-26666
-6101
-938
-10722
6249
22648
2608
30662
-3781
3408
-21071
-9610
26469
-3358
-6588
18915
-23780
-31680
9092
25764
-3448
28731
-14803
-10734
24968
15624
10240
6054
-30262
4345
-17112
-18308
-7254
-4560
13227
24365
23264
-6607
30913
-416
20932
23072
1008
-28928
6866
26661
-12065
8916
14220
-28742
23591
-784
23672
5576
3824
-24082
9200
474
-5587
1404
31152
32228
-13783
27352
27922
-18033
7368
16702
24466
28982
19618
-25346
-24827
15614
20312
-4543
7660
23320
-9604
-11836
17636
-21147
-9070
-19688
29584
-21870
19504
28304
-1692
20340
-7055
10314
-19188
25576
-31833
24960
16784
-27302
24409
9658
-6930
13280
-29746
-31205
26522
-3128
-28332
16366
18924
-18562
21751
27070
5128
-12655
-6220
-24805
8040
30117
-22832
-29430
7106
-10741
-7352
-3570
2704
21288
2369
-25148
30952
27628
-27431
29302
1496
20284
766
13267
-24744
24598
-6142
-5576
-15586
30852
-4646
3639
4831
-27283
4800
23456
27258
19576
-29275
18072
27384
21768
-2967
-12038
27352
24208
-14858
5160
