# Vitis BLAS gemv golden -- IEEE-754 bit patterns
# AdderDelay<float>=4  AdderDelay<double>=8
# layout: for each logParEntries, for each case, M rows of y
# n_logp logp_values... n_cases M N
5 0 1 2 3 4 8 2 48
1111490560
1132659418
1092903901
1092159094
1212014133
1221128787
0
0
3320886449
1182877725
3311091706
3335030695
3346380211
1156469360
3334362260
3334438543
1111490560
1132659418
1092903900
1092159094
1212014133
1221128787
0
0
3320886448
1182877724
3311091700
3335030695
3346380212
1156469358
3334362262
3334438542
1111490560
1132659418
1092903902
1092159094
1212014134
1221128786
0
0
3320886444
1182877724
3311091704
3335030695
3346380212
1156469358
3334362262
3334438542
1111490560
1132659418
1092903902
1092159094
1212014134
1221128786
0
0
3320886444
1182877724
3311091704
3335030695
3346380212
1156469358
3334362262
3334438542
1111490560
1132659418
1092903902
1092159094
1212014134
1221128786
0
0
3320886444
1182877724
3311091704
3335030695
3346380212
1156469358
3334362262
3334438542
