# Vitis BLAS gemv golden -- IEEE-754 bit patterns
# AdderDelay<float>=4  AdderDelay<double>=8
# layout: for each logParEntries, for each case, M rows of y
# n_logp logp_values... n_cases M N
5 0 1 2 3 4 8 7 128
1124073472
1145953368
1153293401
1158309184
1161157721
1164006250
1166435648
1106262286
1107230587
1106398343
1107709998
1107637648
1107612037
1106539782
3385247535
3390374588
3377413080
3393678756
3402018045
3384177716
1254871152
0
0
0
0
0
0
0
3317611331
3345902464
1159207587
3341492200
3323748408
1172373846
3339600612
3342152151
1179891175
3286634146
1177561681
3332213755
3344137829
1193451392
1192711376
3330634983
1191641131
3341535051
3330963255
1174877675
1175399588
3331529914
3320062415
3307717613
1191018835
3340910735
1187187296
1180286196
1124073472
1145953367
1153293399
1158309186
1161157719
1164006252
1166435650
1106262285
1107230588
1106398347
1107709999
1107637647
1107612038
1106539784
3385247533
3390374588
3377413076
3393678754
3402018044
3384177716
1254871153
0
0
0
0
0
0
0
3317611333
3345902465
1159207581
3341492199
3323748407
1172373848
3339600615
3342152150
1179891178
3286634160
1177561679
3332213754
3344137829
1193451390
1192711376
3330634985
1191641132
3341535051
3330963253
1174877675
1175399588
3331529915
3320062421
3307717614
1191018829
3340910735
1187187296
1180286198
1124073472
1145953369
1153293401
1158309185
1161157721
1164006255
1166435649
1106262287
1107230588
1106398344
1107709998
1107637647
1107612038
1106539782
3385247532
3390374589
3377413077
3393678754
3402018044
3384177716
1254871154
0
0
0
0
0
0
0
3317611330
3345902465
1159207572
3341492199
3323748407
1172373844
3339600614
3342152150
1179891178
3286634240
1177561681
3332213754
3344137829
1193451391
1192711376
3330634984
1191641132
3341535050
3330963255
1174877676
1175399586
3331529914
3320062420
3307717608
1191018829
3340910735
1187187297
1180286198
1124073472
1145953368
1153293400
1158309185
1161157720
1164006253
1166435649
1106262287
1107230587
1106398345
1107709999
1107637647
1107612038
1106539783
3385247534
3390374589
3377413077
3393678752
3402018044
3384177716
1254871154
0
0
0
0
0
0
0
3317611332
3345902464
1159207574
3341492199
3323748406
1172373840
3339600614
3342152150
1179891178
3286634240
1177561678
3332213755
3344137830
1193451390
1192711376
3330634984
1191641131
3341535050
3330963254
1174877678
1175399586
3331529914
3320062420
3307717612
1191018831
3340910736
1187187296
1180286198
1124073472
1145953368
1153293400
1158309185
1161157720
1164006254
1166435649
1106262286
1107230588
1106398344
1107709999
1107637648
1107612038
1106539782
3385247534
3390374589
3377413076
3393678752
3402018044
3384177715
1254871154
0
0
0
0
0
0
0
3317611332
3345902464
1159207576
3341492199
3323748406
1172373842
3339600614
3342152150
1179891178
3286634272
1177561678
3332213755
3344137830
1193451390
1192711376
3330634984
1191641131
3341535050
3330963254
1174877678
1175399587
3331529914
3320062420
3307717610
1191018830
3340910736
1187187296
1180286198
