# Vitis BLAS gemv golden -- NON-float path (dot_dsp), decimal values
# columns: config logParEntries case row y
# n_cases M N
5 3 32
i32 2 0 0 146
i32 2 0 1 198
i32 2 0 2 -83
i32 2 1 0 -2449963
i32 2 1 1 975998
i32 2 1 2 -2473283
i32 2 2 0 844156465
i32 2 2 1 83599356
i32 2 2 2 -2081753484
i32 2 3 0 -42609
i32 2 3 1 87192
i32 2 3 2 4338
i32 2 4 0 0
i32 2 4 1 0
i32 2 4 2 0
i32 3 0 0 146
i32 3 0 1 198
i32 3 0 2 -83
i32 3 1 0 -2449963
i32 3 1 1 975998
i32 3 1 2 -2473283
i32 3 2 0 844156465
i32 3 2 1 83599356
i32 3 2 2 -2081753484
i32 3 3 0 -42609
i32 3 3 1 87192
i32 3 3 2 4338
i32 3 4 0 0
i32 3 4 1 0
i32 3 4 2 0
i32 4 0 0 146
i32 4 0 1 198
i32 4 0 2 -83
i32 4 1 0 -2449963
i32 4 1 1 975998
i32 4 1 2 -2473283
i32 4 2 0 844156465
i32 4 2 1 83599356
i32 4 2 2 -2081753484
i32 4 3 0 -42609
i32 4 3 1 87192
i32 4 3 2 4338
i32 4 4 0 0
i32 4 4 1 0
i32 4 4 2 0
i16 2 0 0 146
i16 2 0 1 198
i16 2 0 2 -83
i16 2 1 0 -25131
i16 2 1 1 -7042
i16 2 1 2 17085
i16 2 2 0 -12751
i16 2 2 1 -24580
i16 2 2 2 -2444
i16 2 3 0 22927
i16 2 3 1 21656
i16 2 3 2 4338
i16 2 4 0 0
i16 2 4 1 0
i16 2 4 2 0
i16 3 0 0 146
i16 3 0 1 198
i16 3 0 2 -83
i16 3 1 0 -25131
i16 3 1 1 -7042
i16 3 1 2 17085
i16 3 2 0 -12751
i16 3 2 1 -24580
i16 3 2 2 -2444
i16 3 3 0 22927
i16 3 3 1 21656
i16 3 3 2 4338
i16 3 4 0 0
i16 3 4 1 0
i16 3 4 2 0
