# Vitis BLAS gemv golden -- IEEE-754 bit patterns
# AdderDelay<float>=4  AdderDelay<double>=8
# layout: for each logParEntries, for each case, M rows of y
# n_logp logp_values... n_cases M N
5 0 1 2 3 4 8 4 64
1115684864
1136119286
1143459318
1148433647
1101237944
1098725251
1099455871
1100507176
3386257446
3390318445
1233672070
3394268919
0
0
0
0
1183043340
3334474346
3338222126
3335047652
3337210676
3345796994
1175417428
3300415598
1180093345
1186202696
3318863014
1175222246
1144977728
3327379259
1169595414
3297493666
1115684864
1136119285
1143459317
1148433647
1101237945
1098725252
1099455871
1100507178
3386257448
3390318445
1233672068
3394268918
0
0
0
0
1183043340
3334474344
3338222126
3335047651
3337210677
3345796994
1175417424
3300415594
1180093346
1186202696
3318863014
1175222246
1144977688
3327379259
1169595414
3297493664
1115684864
1136119285
1143459317
1148433646
1101237945
1098725252
1099455870
1100507178
3386257447
3390318444
1233672069
3394268918
0
0
0
0
1183043340
3334474343
3338222126
3335047651
3337210677
3345796994
1175417428
3300415598
1180093345
1186202696
3318863018
1175222246
1144977696
3327379259
1169595414
3297493660
1115684864
1136119285
1143459317
1148433646
1101237944
1098725252
1099455870
1100507178
3386257447
3390318444
1233672069
3394268918
0
0
0
0
1183043340
3334474343
3338222126
3335047652
3337210677
3345796994
1175417428
3300415598
1180093345
1186202696
3318863018
1175222246
1144977696
3327379259
1169595414
3297493664
1115684864
1136119285
1143459317
1148433646
1101237944
1098725252
1099455870
1100507178
3386257447
3390318444
1233672069
3394268918
0
0
0
0
1183043340
3334474343
3338222126
3335047652
3337210677
3345796994
1175417428
3300415598
1180093345
1186202696
3318863018
1175222246
1144977696
3327379259
1169595414
3297493664
