# Vitis BLAS gemv golden -- IEEE-754 bit patterns
# AdderDelay<float>=4  AdderDelay<double>=8
# layout: for each logParEntries, for each case, M rows of y
# n_logp logp_values... n_cases M N
5 0 1 2 3 4 8 16 32
1107296256
1126293297
1133633330
1137888970
1141497650
1143625470
1145753290
1147881113
1149624114
1150688024
1151751932
1152815843
1153879754
1154943666
1156007577
1157071486
1090917959
1089208157
1086363174
1087143402
1088410129
1090720227
1089990039
1087765978
1090165040
1090165987
1089662178
1090437327
1087660884
1088611626
1091953342
1090068573
1242753509
3370239942
3373209180
1240058669
3363583480
3356874961
1231348910
1200524678
1231642932
1174157248
1217728006
1212468785
3375847793
1232812132
1231519971
3385119742
0
0
0
0
0
0
0
0
0
0
0
0
0
0
0
0
3332710777
1184053578
3255618176
1185725138
3328982421
1184879329
3313917326
1116968168
1182927469
3322006875
3326313268
1180621713
3290557466
1180358435
3300974025
3333895739
1188836913
3298290000
1190314415
1191874359
3323748781
3321940949
1172322253
1175486336
3317097978
3316821880
1159591258
1181271876
1194170445
1183711970
3316817134
3321466389
1187272486
3301222936
3327013754
3294194788
3306002933
3331250189
3307258084
3323967576
1181256950
1096046720
3320746262
3324409613
3334151900
1170868679
1157326239
3284993568
1182295389
1149321391
1172508288
3334608721
1167177506
3323561558
3329485325
1171757479
1192421069
1166958213
1170998342
3339997253
1191688357
3342462292
1189693500
1125993174
1107296256
1126293298
1133633330
1137888971
1141497650
1143625470
1145753291
1147881111
1149624114
1150688024
1151751934
1152815845
1153879755
1154943664
1156007575
1157071485
1090917959
1089208158
1086363173
1087143402
1088410129
1090720228
1089990039
1087765977
1090165040
1090165987
1089662178
1090437327
1087660884
1088611626
1091953343
1090068572
1242753509
3370239942
3373209178
1240058668
3363583480
3356874963
1231348911
1200524678
1231642932
1174157280
1217728006
1212468786
3375847793
1232812130
1231519969
3385119743
0
0
0
0
0
0
0
0
0
0
0
0
0
0
0
0
3332710777
1184053578
3255618192
1185725138
3328982422
1184879328
3313917326
1116968192
1182927470
3322006874
3326313267
1180621713
3290557467
1180358435
3300974025
3333895740
1188836913
3298290003
1190314414
1191874359
3323748781
3321940948
1172322252
1175486336
3317097976
3316821880
1159591260
1181271876
1194170446
1183711970
3316817135
3321466388
1187272486
3301222936
3327013754
3294194768
3306002933
3331250189
3307258086
3323967576
1181256950
1096046720
3320746262
3324409613
3334151900
1170868681
1157326239
3284993570
1182295389
1149321393
1172508288
3334608722
1167177506
3323561559
3329485325
1171757479
1192421070
1166958213
1170998342
3339997253
1191688357
3342462292
1189693500
1125993175
1107296256
1126293298
1133633330
1137888970
1141497650
1143625470
1145753290
1147881111
1149624114
1150688024
1151751934
1152815845
1153879754
1154943664
1156007575
1157071484
1090917959
1089208158
1086363173
1087143402
1088410129
1090720228
1089990039
1087765977
1090165040
1090165987
1089662178
1090437328
1087660884
1088611626
1091953343
1090068572
1242753509
3370239942
3373209179
1240058668
3363583481
3356874963
1231348911
1200524678
1231642932
1174157280
1217728006
1212468786
3375847793
1232812130
1231519970
3385119744
0
0
0
0
0
0
0
0
0
0
0
0
0
0
0
0
3332710777
1184053578
3255618176
1185725137
3328982422
1184879329
3313917326
1116968192
1182927470
3322006874
3326313267
1180621713
3290557467
1180358436
3300974025
3333895741
1188836913
3298290004
1190314415
1191874358
3323748781
3321940949
1172322253
1175486336
3317097977
3316821880
1159591260
1181271875
1194170446
1183711970
3316817134
3321466388
1187272486
3301222936
3327013755
3294194776
3306002933
3331250189
3307258086
3323967576
1181256950
1096046720
3320746264
3324409613
3334151900
1170868681
1157326239
3284993570
1182295389
1149321392
1172508288
3334608722
1167177506
3323561559
3329485325
1171757478
1192421070
1166958213
1170998342
3339997252
1191688358
3342462292
1189693499
1125993175
1107296256
1126293298
1133633330
1137888970
1141497650
1143625470
1145753290
1147881111
1149624114
1150688024
1151751934
1152815845
1153879754
1154943664
1156007575
1157071484
1090917959
1089208158
1086363173
1087143402
1088410129
1090720228
1089990039
1087765977
1090165040
1090165987
1089662178
1090437328
1087660884
1088611626
1091953343
1090068572
1242753509
3370239942
3373209179
1240058668
3363583481
3356874963
1231348911
1200524678
1231642932
1174157280
1217728006
1212468786
3375847793
1232812130
1231519970
3385119744
0
0
0
0
0
0
0
0
0
0
0
0
0
0
0
0
3332710777
1184053578
3255618176
1185725137
3328982422
1184879329
3313917326
1116968192
1182927470
3322006874
3326313267
1180621713
3290557467
1180358436
3300974025
3333895741
1188836913
3298290004
1190314415
1191874358
3323748781
3321940949
1172322253
1175486336
3317097977
3316821880
1159591260
1181271875
1194170446
1183711970
3316817134
3321466388
1187272486
3301222936
3327013755
3294194776
3306002933
3331250189
3307258086
3323967576
1181256950
1096046720
3320746264
3324409613
3334151900
1170868681
1157326239
3284993570
1182295389
1149321392
1172508288
3334608722
1167177506
3323561559
3329485325
1171757478
1192421070
1166958213
1170998342
3339997252
1191688358
3342462292
1189693499
1125993175
1107296256
1126293298
1133633330
1137888970
1141497650
1143625470
1145753290
1147881111
1149624114
1150688024
1151751934
1152815845
1153879754
1154943664
1156007575
1157071484
1090917959
1089208158
1086363173
1087143402
1088410129
1090720228
1089990039
1087765977
1090165040
1090165987
1089662178
1090437328
1087660884
1088611626
1091953343
1090068572
1242753509
3370239942
3373209179
1240058668
3363583481
3356874963
1231348911
1200524678
1231642932
1174157280
1217728006
1212468786
3375847793
1232812130
1231519970
3385119744
0
0
0
0
0
0
0
0
0
0
0
0
0
0
0
0
3332710777
1184053578
3255618176
1185725137
3328982422
1184879329
3313917326
1116968192
1182927470
3322006874
3326313267
1180621713
3290557467
1180358436
3300974025
3333895741
1188836913
3298290004
1190314415
1191874358
3323748781
3321940949
1172322253
1175486336
3317097977
3316821880
1159591260
1181271875
1194170446
1183711970
3316817134
3321466388
1187272486
3301222936
3327013755
3294194776
3306002933
3331250189
3307258086
3323967576
1181256950
1096046720
3320746264
3324409613
3334151900
1170868681
1157326239
3284993570
1182295389
1149321392
1172508288
3334608722
1167177506
3323561559
3329485325
1171757478
1192421070
1166958213
1170998342
3339997252
1191688358
3342462292
1189693499
1125993175
