# Vitis BLAS gemv golden -- IEEE-754 bit patterns
# AdderDelay<float>=4  AdderDelay<double>=8
# layout: for each logParEntries, for each case, M rows of y
# n_logp logp_values... n_cases M N
5 0 1 2 3 4 8 3 176
1127219200
1150583560
1158251273
1110368464
1110363791
1110256404
3400834487
1170954136
1232931940
0
0
0
3339592717
1189327984
1181778272
1185556626
3333476697
1200379584
1193790778
3319437746
3329315700
3347709640
1188486104
3319532814
1127219200
1150583562
1158251273
1110368466
1110363791
1110256404
3400834488
1170953472
1232931934
0
0
0
3339592718
1189327992
1181778269
1185556627
3333476698
1200379586
1193790779
3319437745
3329315705
3347709641
1188486112
3319532813
1127219200
1150583560
1158251272
1110368466
1110363791
1110256406
3400834486
1170953600
1232931936
0
0
0
3339592718
1189327986
1181778271
1185556627
3333476697
1200379585
1193790779
3319437741
3329315703
3347709640
1188486110
3319532813
1127219200
1150583561
1158251272
1110368466
1110363791
1110256406
3400834486
1170953600
1232931936
0
0
0
3339592718
1189327986
1181778270
1185556626
3333476697
1200379585
1193790778
3319437743
3329315703
3347709639
1188486110
3319532814
1127219200
1150583560
1158251272
1110368466
1110363792
1110256406
3400834486
1170953472
1232931936
0
0
0
3339592717
1189327988
1181778270
1185556626
3333476697
1200379585
1193790778
3319437742
3329315702
3347709640
1188486110
3319532814
