# Vitis BLAS gemv alpha/beta input -- IEEE-754 bit patterns
# per case: M*N matrix (row-major), N vector, M y-entries
# then n_ab (alpha, beta) pairs
# cases: 0=uniform-random, 1=wide-dynamic-range, 2=y-dominant, 3=y-negligible
# n_cases M N n_ab
4 4 64 6
1042893492
1060705429
1060591648
1050285780
1062117670
1025314274
1024944691
1057033407
1059212063
1064477513
1061304894
1036898337
1046701125
1050304210
1058538276
1058476460
1063934385
1053538669
1063778019
1061772743
1064770015
1050372572
1057908657
1054986440
1026588403
1053513868
1042029858
1055934195
1011864886
1050568291
1061476187
1043054061
1063280378
1060478772
1052246625
1062914003
1062404382
1050346145
1059744250
1061197634
1063990546
1061698403
1056596861
1042961786
1052475067
1030319494
1057416814
1054688263
1062478788
1043473885
1063411043
1058308665
1059282400
1037825743
1044505835
1055962886
1060862827
1044599171
1048939038
1060426950
1058762655
1059109997
1059404975
1056601054
1063580118
1050256848
1045236858
1062443722
1064692293
1060674370
1051180743
1047729711
1058812692
1062417204
1059732902
1044099339
1030568915
1049741589
1050784977
1032872946
1047597957
1064088123
1050334986
1064457654
1053595173
1061474866
1055833201
1059475956
1020940009
1055368376
1059789314
1060604670
1065025968
1063467455
1048241684
1034806154
1049598105
1052171749
1048875392
1015568651
998738081
1063678956
1054124445
1060764693
1007069510
1059822139
1058793519
1048756433
1059970398
1061325875
1061102456
1058871175
1063962106
1061622782
1058647612
1063505103
1041797385
1057129234
1061661932
1056049083
1057712380
1055370928
1057733996
1042104665
1047383821
1047762498
1036560001
1018381677
1032822490
1057493561
1054785230
1058203905
1023698489
1058883887
1052775371
1047867777
1064184509
1059318548
1054539787
1049884475
1053984429
1060995689
1058271281
1037194828
1051332886
1051958886
1063425420
1063418681
1060875640
1042082493
1038579332
1058108218
1052751832
1027070120
1039389656
1053556515
1048579690
1052907662
1057541333
1062921001
1040402564
1063992868
1055883428
1062533425
1061384064
1047693014
1047861898
1062494413
1061683718
1041405969
1063090654
1049557119
1061604567
1059100934
1052567596
1057480711
1018711242
1048923317
1050692907
1064009977
1057124116
1041532422
1062382458
1064784576
1049843345
1057784599
1062189174
1059579806
1064726963
1058960190
1055882486
1050930224
1050461786
1064152794
1046297581
1059974435
1056604068
1033737554
1061258245
1028345698
1034430317
1058294750
1064082810
1062503672
1052582713
1028883415
1032128740
1055450947
1064704156
1062143523
1064833104
1034992483
1063639975
1056829399
1047230648
1060276999
1028716217
1038053374
1052471762
1052773274
1059932763
1065060720
1057298193
1055134072
1059808710
1064069075
1055260145
1055098931
1035176706
1065294656
1052296764
1060997327
1045681251
1061898468
1051439146
1023772695
1064702112
1051764170
1054269074
1046255418
1051789269
1058278187
1041871227
1054772676
1065058233
1056890115
1029436256
1046022991
1062234971
1064315912
1064665690
1064378569
1035083195
1053263319
1058469605
1053559380
1039496545
1048959702
1064766985
1061062104
1051196929
1065039186
1009043476
1057439050
1053972837
1049065139
1034112623
1042275682
1062594504
1059790000
1063228288
1040747858
1062929142
1062680999
1053198341
1060860953
1058128434
1061813632
1062595770
1060077703
1057136749
1060727436
1059177776
1044792390
1062773871
1061975863
1057957296
1031849138
1056832879
1063736363
1037489517
1039362941
1006849013
1063262321
1050069154
1020439134
1053371262
1054085287
1043788894
1054344331
1061457708
1033326310
1064738001
1043856762
1054392081
1058320441
1061191693
1063274941
1056987995
1059338979
1059953879
1052063372
1047878452
1056980387
1058299200
1061360683
1048385433
1046123426
1062170195
1052472013
1051929882
1059825233
1053953141
1060705548
904889565
934163477
3239144775
1010481592
1098852338
3193846438
1091973152
1087683103
3360800619
3035397751
1017910099
3095978568
3146582512
898354751
918242143
3307141008
1075415954
3291661215
979586068
3160478247
1167455423
1140523285
3066117482
3062980328
904163127
3369127137
914521268
952128653
963726649
979643725
3048001015
3212928139
1158421491
3210104299
3190588492
954962095
3047843965
1058951932
1120685706
947137845
3063396078
3238889116
930363771
3182751899
1159568395
3070667546
1184959335
938131354
3131139212
3162820830
3051056432
3108830575
3230154295
900144596
3377251589
1063298604
1209369169
3061824164
1042628571
3177140015
981319620
1018245397
3038564491
1085951727
1145353429
3040466898
908710242
1063706862
3107023416
903549402
3225950927
3374042450
3034125388
903484360
1069360964
3255100925
3216675292
1205991061
1146590016
3359282246
919528186
3175330779
906143485
1200620385
1009238394
1198204141
3131455233
894238388
1019704704
3323358329
1161382735
3316992819
3192707795
991942212
3264692360
3347089307
1006613600
952127237
1117181943
1200094406
975795657
1016400345
3166726284
1075925970
3043311266
3045992811
3233724345
897937895
3237653256
3129503897
1166649084
3081993861
1027330290
1151354494
3359545249
916271851
3102772193
3246577021
3076340827
900790184
1227106356
971844749
899268030
3293895323
3226524208
3163363856
1145600665
3164447947
915680308
1044634378
3165954557
972240292
1039595877
882002426
1207423406
3138511702
1175016998
924135666
948577203
1076993993
3024139822
3139574700
3272146446
900712478
1171231926
891137178
3314826557
3372377160
1091391179
3283365858
882244078
1011441504
3357768765
906262755
1078142464
3274449101
3189625352
3366088743
3104840491
1207348413
902132161
3238962843
3296954076
1189904684
927064549
3216118921
3114434050
3119555812
949437566
3106745922
1021101910
896507618
3047392644
3384447058
1178471829
928686245
3143149732
3329577612
1088265371
962383104
1181087430
3142308006
3348447910
897772344
3128396435
1139833429
1086792447
3031803518
913899708
890742321
1136243541
892399421
3097307396
1183485400
1044281003
3269489549
1037133049
3373163898
3104296656
3295250143
3127530370
1057541854
953891357
3190720018
984063306
3290401825
3387912302
3152270424
950988963
915178854
3334336214
907887605
3349046307
941322698
1168071583
1065743607
3292407240
3249589498
3269801820
945190520
3348695516
3142040915
985996923
1038865108
941728394
3034461979
1112118454
3268526430
1204555289
981420448
954200305
3332856875
952417087
1159226208
3217511025
1195575532
3107553932
3180591968
1195697663
3209958003
904366359
3319311712
3195431290
1226138496
3186614905
1151451440
3242882623
3373169982
1155277384
1143186742
994747940
3064250557
1147281351
3139595301
907563336
3274009918
1055745864
1065930298
3207637190
3221507182
1054140631
3210525707
3213331063
1043019597
3194066334
1051486331
1065848815
3197071863
1064899581
3204889589
1067838710
1060883053
3208359471
3215674793
1069161270
1049736488
1050918270
3208536519
3206074069
1044267693
3208936704
1073515206
3213575359
3212319606
3219404790
1056871350
3186333418
1050348979
3205371301
3208674910
3204094066
3217117807
3174047887
3211432148
3207284931
1067660402
1073602848
3197247335
1032987095
3196864637
3212906219
1048948480
3207533571
3205975576
1075080485
3202956260
3197254436
1039241887
3204679457
1072648948
1042608314
3185533790
3219048271
3175333140
3211918512
3191962512
1049774324
1077500512
3184851740
1058885102
1081025429
1208054352
3059390644
3206012506
3216377118
3224926107
1068207266
1040498890
1057991584
3218138515
1049422413
3202081455
1066241607
3215015687
3198015826
3212718645
1054755365
1037917069
1040182595
3219652095
3216133615
1067218922
1069515608
1076227352
1063340935
3200565940
3202218881
1068978069
3214158019
1065696789
1071913899
3202946768
3197539208
3218650776
1057096456
3191647808
3214053256
3212727691
3196732597
3214740260
1059252442
1067232902
1059145857
3203296703
1054874535
1062738973
3212823268
3211132130
3200082995
1062168293
1034330174
3208193105
3216416570
1064993122
3209552434
1039552342
1046690438
3209563325
3208427428
3180580790
1069270492
1068240016
3217344083
1061146953
1030778963
1069051301
3213208733
1048118863
3190355320
1035690007
3203266210
3212404506
3187838081
1058753336
1065173971
1054985035
3219080839
1071367717
1059730185
3209168170
3209505594
1071073153
3202013608
3210371818
1061434703
1054963500
3222959876
3216921225
3195599306
3205433679
3192496819
1074852838
3210376283
1074468088
1033360307
3209880648
3206584092
3209829897
3215575824
1057440096
1068902653
3211531870
1037295440
1071370987
3214563021
1073771629
3213777860
1056645063
3212981644
3198560169
1057702917
1045742012
3185858225
1062174927
3205516610
1049878419
3198015221
3194832343
1049727680
1071759909
3201394900
3188770576
1053537721
1060417323
1062655517
3205632268
3218346962
1068950056
1050574520
3209722701
3177456075
3204001092
1046296265
3206784689
1060942734
3195062886
3202394163
3211698455
3185743212
1057027024
3206074803
1063693367
3209317981
3212008910
1065621030
3198597456
3173355925
3208283872
3210067704
3205660689
3208389391
1057387687
3196452950
3216506210
3205405284
3216701100
1050426854
3208513241
1059147166
1059883862
1039100694
3194133395
1073415077
1045693850
1063933918
1069475274
1056232613
1065174509
1066251879
3210773418
1071590345
1066107578
1062031337
1073221178
3206033457
1037798517
3217836505
1047786167
1055169774
1074172871
3194984143
3188379419
3206005500
3198183224
3223573742
3158216493
1061593424
3208849994
1057113477
3185924133
1063070066
1064131412
1062556116
3205086084
1066569317
3204504658
1057045615
1040904130
1069808447
3209193352
1071191842
3183401454
3215167883
3192760201
3219989797
1067969682
3208708671
3213704393
3215394694
3208187448
3204536677
3208417254
1075364535
1053323658
1064170338
1049251008
1053151010
3214390508
3204857393
3201187772
1071206735
3205646227
3215668935
1048012744
1055600735
3213582452
1063186614
1063149894
1054060688
1067796090
3167139158
3209764015
3210378959
1055202449
1053198089
3116482090
1059930417
3198559663
3209396769
3179500033
1076101552
1028310849
1065432924
3212600986
3219678128
1031378168
1055656666
1061419514
1048811420
1066572891
1069966969
3218915077
3191951131
1065622711
1057170724
3211956846
3199380564
1059053230
1054996564
1068194488
1064360645
3200903334
3213788986
1059928035
1073925587
1013526325
3200528563
1063744377
1065362078
1065553413
1062848671
3203319153
1062041253
1020808622
3192173978
3223021461
3214660509
3215912554
1065204053
3208931740
3191900819
1045234374
1046225668
1055289398
3200767034
3183019710
1060500453
3205264053
3226924568
1070221402
1039729556
3206737718
3207388540
3181052340
3204233229
1059206940
3180912374
1053690026
3211506530
3219675872
1025447008
3201490674
3201723399
3205588815
3196655543
1046352943
1065221104
3204456874
3207310111
1063938557
1063893408
1070270441
1025446932
1060851545
3214346448
1068452674
1063590017
3189440998
3199830417
1067163795
1054327217
3204616318
1062961344
1042803317
3454912471
3463099711
3448272890
3473661069
1196746583
1243286206
1213527735
3375321423
3340501585
1211537117
3387488659
1233008461
1210085312
1227703046
3364036468
1212282114
3383168734
3372271185
3371350957
3370916343
1240841796
1217770893
3332916198
1223143077
3379658350
3379113131
1223549429
3379218244
3382274650
1235303504
1217275773
1228027218
3392544817
1205455530
3381041100
3365089682
3357989302
1225616539
1235349063
3387863071
3379101115
1200605665
3389194174
1214048666
1229770420
3380666157
1225842910
3372710733
3388874712
1222755222
1223183244
1219228266
3376570266
1191111405
1239403206
1226299327
3381938775
3381623163
3379815982
1218270478
3375939563
1234850302
1229903162
1228322916
1232348396
1206327447
1227868909
1227532844
1235070487
1224823516
1198724841
3372422085
1241715535
1215390105
3387639851
1215435688
3348231369
1228890779
3368809898
1206861202
1237476305
3380848825
1237474205
3359455605
3383299331
3375529024
3367876721
3372634793
1222940513
3382049877
3381581032
3372352380
1178114810
3384581007
3349071179
3390333493
1235129268
3375168646
3385852782
3379159097
3349439057
3381490958
1233567747
1172958603
3380621100
1224477162
3384506448
1174739629
1235565141
1217222775
1186461542
3377829766
1238089805
3351739355
1226732120
3382649201
3383520410
3388876950
1224838289
1217759296
1218670409
1234892400
1209380010
1218889155
3378601598
1241770738
3386385871
1235525673
1211871522
1231221285
1227927171
1213545490
3373166567
3379142523
1235908842
1228572646
3370867973
3377846206
1222120502
3379114518
3359550921
3372286450
1211099674
3377681666
3377868986
3383370914
3385441052
1185834859
3371124608
3381462614
3373442289
1187611764
1222994360
1220422213
3374706464
1220565597
3367331465
1234606469
3338918564
3381818433
3351588938
1218475473
3340898944
1232152146
1233643070
3351474342
3386020935
1238933800
3388020919
1216862781
1225387477
1234015057
3340184053
1222170878
3350994658
3364181663
3381212344
3368465109
3381097213
1232368843
1229401623
3353406822
1230964902
1228066313
3381399891
1220702383
1232766656
1242021552
3389253125
1229814401
1232099735
1202648756
3336176440
3377373570
1232332772
3373691245
1234581174
3382885978
3332647746
3375737262
3375277523
1216708953
3375760002
1236912648
3385426419
3386681405
1233938555
1223589385
3381750325
3382371699
1242670590
1225369835
3366770134
3383107725
3381878249
3374245918
1229628986
1220559154
1211196443
3384239393
3383915898
3370394999
3360792091
1233237201
3352600337
3368613124
3378677202
1213651808
1228090631
1216607191
3362795133
1213447044
1238111757
3373037372
1217712361
3365163952
1220179228
3364789772
3364056188
1221780884
1226217467
1233193291
1228259334
3362137857
3363354790
3381018920
3369629388
1237335086
3359801688
3378480306
3372284104
1224770890
3357995699
3374425207
1202272272
1204864260
1216943332
1158826037
1235274811
1211503199
3207251060
3220020885
3213273681
1043491347
3208923385
1053780488
3204483814
3208954341
1068202641
1050184849
1046868643
3223045347
3221445343
3218775899
1063493520
1073597261
3179549147
3207275903
1067852226
3213464533
3214611583
3203900952
3205941193
1055393934
1053110162
3200865031
3186008677
1072520157
1040468277
1074291059
3212360758
3205664624
3216300289
3212747462
3217845009
3195200802
3206607506
1070506908
1067479170
1066875251
3164934647
3195113116
3199642738
1024478366
3211512096
3213182782
1061506259
3205150070
1073916721
3215336258
3212934757
1058288474
3204700048
3196103388
3188999626
3197203955
1048921847
3216242277
3190421432
3205705003
1067427227
1060134802
1074260826
3198417689
807476659
773584067
791945913
821330382
1065353216
0
0
1065353216
1075838976
3217031168
1036831949
1050253722
841731191
1287568416
3226468352
1089994752
