# Vitis BLAS gemv verification input
# IEEE-754 bit patterns; M*N matrix entries (row-major) then N vector entries
# cases: 0=ramp, 1=uniform-random, 2=wide-dynamic-range, 3=cancellation, 4=discriminating-0, 5=discriminating-1, 6=discriminating-2, 7=discriminating-3
# n_cases M N
8 3 176
1065353216
1073741824
1077936128
1082130432
1084227584
1086324736
1088421888
1090519040
1091567616
1092616192
1093664768
1094713344
1095761920
1096810496
1097859072
1098907648
1099431936
1099956224
1100480512
1101004800
1101529088
1102053376
1102577664
1103101952
1103626240
1104150528
1104674816
1105199104
1105723392
1106247680
1106771968
1107296256
1107558400
1107820544
1108082688
1108344832
1108606976
1108869120
1109131264
1109393408
1109655552
1109917696
1110179840
1110441984
1110704128
1110966272
1111228416
1111490560
1111752704
1112014848
1112276992
1112539136
1112801280
1113063424
1113325568
1113587712
1113849856
1114112000
1114374144
1114636288
1114898432
1115160576
1115422720
1115684864
1115815936
1115947008
1116078080
1116209152
1116340224
1116471296
1116602368
1116733440
1116864512
1116995584
1117126656
1117257728
1117388800
1117519872
1117650944
1117782016
1117913088
1118044160
1118175232
1118306304
1118437376
1118568448
1118699520
1118830592
1118961664
1119092736
1119223808
1119354880
1119485952
1119617024
1119748096
1119879168
1120010240
1120141312
1120272384
1120403456
1120534528
1120665600
1120796672
1120927744
1121058816
1121189888
1121320960
1121452032
1121583104
1121714176
1121845248
1121976320
1122107392
1122238464
1122369536
1122500608
1122631680
1122762752
1122893824
1123024896
1123155968
1123287040
1123418112
1123549184
1123680256
1123811328
1123942400
1124073472
1124139008
1124204544
1124270080
1124335616
1124401152
1124466688
1124532224
1124597760
1124663296
1124728832
1124794368
1124859904
1124925440
1124990976
1125056512
1125122048
1125187584
1125253120
1125318656
1125384192
1125449728
1125515264
1125580800
1125646336
1125711872
1125777408
1125842944
1125908480
1125974016
1126039552
1126105088
1126170624
1126236160
1126301696
1126367232
1126432768
1126498304
1126563840
1126629376
1126694912
1126760448
1126825984
1126891520
1126957056
1127022592
1127088128
1127153664
1127219200
1127284736
1127350272
1127415808
1127481344
1127546880
1127612416
1127677952
1127743488
1127809024
1127874560
1127940096
1128005632
1128071168
1128136704
1128202240
1128267776
1128333312
1128398848
1128464384
1128529920
1128595456
1128660992
1128726528
1128792064
1128857600
1128923136
1128988672
1129054208
1129119744
1129185280
1129250816
1129316352
1129381888
1129447424
1129512960
1129578496
1129644032
1129709568
1129775104
1129840640
1129906176
1129971712
1130037248
1130102784
1130168320
1130233856
1130299392
1130364928
1130430464
1130496000
1130561536
1130627072
1130692608
1130758144
1130823680
1130889216
1130954752
1131020288
1131085824
1131151360
1131216896
1131282432
1131347968
1131413504
1131479040
1131544576
1131610112
1131675648
1131741184
1131806720
1131872256
1131937792
1132003328
1132068864
1132134400
1132199936
1132265472
1132331008
1132396544
1132462080
1132494848
1132527616
1132560384
1132593152
1132625920
1132658688
1132691456
1132724224
1132756992
1132789760
1132822528
1132855296
1132888064
1132920832
1132953600
1132986368
1133019136
1133051904
1133084672
1133117440
1133150208
1133182976
1133215744
1133248512
1133281280
1133314048
1133346816
1133379584
1133412352
1133445120
1133477888
1133510656
1133543424
1133576192
1133608960
1133641728
1133674496
1133707264
1133740032
1133772800
1133805568
1133838336
1133871104
1133903872
1133936640
1133969408
1134002176
1134034944
1134067712
1134100480
1134133248
1134166016
1134198784
1134231552
1134264320
1134297088
1134329856
1134362624
1134395392
1134428160
1134460928
1134493696
1134526464
1134559232
1134592000
1134624768
1134657536
1134690304
1134723072
1134755840
1134788608
1134821376
1134854144
1134886912
1134919680
1134952448
1134985216
1135017984
1135050752
1135083520
1135116288
1135149056
1135181824
1135214592
1135247360
1135280128
1135312896
1135345664
1135378432
1135411200
1135443968
1135476736
1135509504
1135542272
1135575040
1135607808
1135640576
1135673344
1135706112
1135738880
1135771648
1135804416
1135837184
1135869952
1135902720
1135935488
1135968256
1136001024
1136033792
1136066560
1136099328
1136132096
1136164864
1136197632
1136230400
1136263168
1136295936
1136328704
1136361472
1136394240
1136427008
1136459776
1136492544
1136525312
1136558080
1136590848
1136623616
1136656384
1136689152
1136721920
1136754688
1136787456
1136820224
1136852992
1136885760
1136918528
1136951296
1136984064
1137016832
1137049600
1137082368
1137115136
1137147904
1137180672
1137213440
1137246208
1137278976
1137311744
1137344512
1137377280
1137410048
1137442816
1137475584
1137508352
1137541120
1137573888
1137606656
1137639424
1137672192
1137704960
1137737728
1137770496
1137803264
1137836032
1137868800
1137901568
1137934336
1137967104
1137999872
1138032640
1138065408
1138098176
1138130944
1138163712
1138196480
1138229248
1138262016
1138294784
1138327552
1138360320
1138393088
1138425856
1138458624
1138491392
1138524160
1138556928
1138589696
1138622464
1138655232
1138688000
1138720768
1138753536
1138786304
1138819072
1138851840
1138884608
1138917376
1138950144
1138982912
1139015680
1139048448
1139081216
1139113984
1139146752
1139179520
1139212288
1139245056
1139277824
1139310592
1139343360
1139376128
1139408896
1139441664
1139474432
1139507200
1139539968
1139572736
1139605504
1139638272
1139671040
1139703808
1139736576
1139769344
1139802112
1139834880
1139867648
1139900416
1139933184
1139965952
1139998720
1140031488
1140064256
1140097024
1140129792
1140162560
1140195328
1140228096
1140260864
1140293632
1140326400
1140359168
1140391936
1140424704
1140457472
1140490240
1140523008
1140555776
1140588544
1140621312
1140654080
1140686848
1140719616
1140752384
1140785152
1140817920
1140850688
1140867072
1140883456
1140899840
1140916224
1140932608
1140948992
1140965376
1140981760
1140998144
1141014528
1141030912
1141047296
1141063680
1141080064
1141096448
1141112832
1065353216
1056964608
1051372203
1048576000
1045220557
1042983595
1041385765
1040187392
1038323257
1036831949
1035611788
1034594987
1033734617
1032997157
1032358025
1031798784
1030811889
1029934649
1029149750
1028443341
1027804209
1027223180
1026692675
1026206379
1025758986
1025346009
1024963622
1024608549
1024277963
1023969417
1023680776
1023410176
1022901776
1022423281
1021972129
1021546041
1021142985
1020761142
1020398881
1020054733
1019727372
1019415601
1019118330
1018834572
1018563425
1018304067
1018055745
1017817771
1017589509
1017370378
1017159841
1016957401
1016762600
1016575014
1016394249
1016219941
1016051748
1015889355
1015732467
1015580809
1015434122
1015292168
1015154721
1015021568
1014763457
1014513168
1014270349
1014034673
1013805828
1013583521
1013367476
1013157433
1012953144
1012754377
1012560910
1012372534
1012189051
1012010273
1011836021
1011666125
1011500424
1011338764
1011181000
1011026993
1010876609
1010729722
1010586212
1010445964
1010308867
1010174817
1010043713
1009915459
1009789963
1009667137
1009546898
1009429163
1009313855
1009200901
1009090229
1008981770
1008875459
1008771233
1008669030
1008568793
1008470465
1008373992
1008279322
1008186406
1008095194
1008005641
1007917702
1007831333
1007746492
1007663140
1007581237
1007500747
1007421633
1007343859
1007267393
1007192201
1007118251
1007045514
1006973960
1006903560
1006834287
1006766113
1006699012
1006632960
1006502904
1006374849
1006248749
1006124560
1006002238
1005881741
1005763030
1005646065
1005530807
1005417220
1005305267
1005194913
1005086124
1004978868
1004873112
1004768825
1004665976
1004564536
1004464476
1004365769
1004268386
1004172302
1004077490
1003983926
1003891585
1003800443
1003710477
1003621665
1003533984
1003447413
1003361930
1003277517
1003194152
1003111816
1003030490
1002950156
1002870796
1002792392
1002714928
1002638385
1002562748
1002488001
1002414128
1002341114
1002268944
1002197604
1002127079
1002057356
1030672468
1016308234
1059689977
1034046417
1044735713
1065147496
1058829320
1044470358
1062806089
1059450726
1038062718
1060147703
1054490144
1038985454
1025362263
1022894816
1051416075
1040454647
1065248584
1042183716
1061125805
1049993850
1043104309
1061305467
1026121859
1060044442
1052949243
1064342245
1060820320
1054201416
1048877654
1053286083
1064771489
1061760625
1044592622
1037292957
1063583321
1059669173
1062454540
1047934942
1057022049
1041004345
1062551009
1059980373
1061018121
1049580359
1061474086
1041962033
1062527398
1063928974
1044935777
1052041237
1058108500
1025198901
1065226470
1043809478
1064615929
1058516876
1046738670
1017992270
1052949379
1060751950
1057444203
1058490898
1062310311
1049455338
1063935001
1056977910
1032402328
1059770386
1061712594
1022698526
1061613007
1064572272
1062637331
1045856170
1051464296
1063104113
1062977164
1056295736
1059255973
1006901693
1050400033
1058137179
1059387625
1063082086
1050352888
1010146816
1057681913
1041620421
1060778361
1058535133
1035738981
1058063994
1064268209
1051248627
1058866368
1059174940
1062598822
1049910106
1027193523
1055682787
1045492385
1042511949
1060626264
1059503040
1025843863
1060332495
1043821154
1049320106
1058574945
1053509117
1060752872
1063839489
1036255566
1050038911
1052363445
1051406294
1040402732
1059518264
1063233296
1062077973
1049130490
1062162626
1050338230
1060618422
1055852391
1058689036
1063958483
1064043279
1062608216
1063513427
1060117967
1055191414
1061734332
1060489673
1024429738
1047460079
1063668645
968124963
1064158326
1049231772
1029563807
1063233620
1060708779
1064486965
1059148183
1030684912
1063485884
1062943383
1064754718
1024116007
1064078461
1042797221
1059797889
1027876246
1063587083
1052968704
1058602607
1048172477
1063333211
1064271254
1065289125
1043452482
1062726234
1041612830
1033530805
1060325746
1063548768
1047245341
1050135556
1061049450
1060283237
1019254592
1031831000
1040902482
1062167903
1045526343
1057521208
1048232992
1050091807
1046608699
1051825818
1048657148
1064754459
1045307942
1061801994
1055625340
1056998578
1058260341
1062460789
1033481826
1031310102
1059768868
1043968424
1059317044
1058318215
1064795411
1061376111
1055517237
1064047275
1048701856
1065091670
1047105213
1063577921
1055947679
1064842673
1046337124
1055589935
1043679606
1062797878
1057697803
1060773720
1043420444
1062576737
1065049825
1051207338
1059035330
1008400507
1062400252
1061028690
1059773227
1065312113
1058477423
1059567683
1031113865
1019996757
1049569465
1029249926
1042724094
1061668186
1051925747
1032681450
1041866021
1049007842
1063589845
1039071539
1040284744
1058717689
1010533628
1056189601
1048251440
1047419284
1063035370
1051648279
1063076420
1060356531
1064249240
1052543591
1049320154
1062817063
1037675390
1058314077
1061987311
1035404960
1060392765
1061479503
1058243925
1058492045
1044822520
1050815906
1064651218
1061769108
1047830107
1039055121
1062422379
1053557242
1058417833
1060064848
1061240681
1063256899
1011416020
1047175227
1038208270
1059540228
1034737234
1062748929
1062740744
1060347730
1056623806
1055230719
1049510111
1063127071
1019579738
1057339695
1025353932
1053550530
1063102001
1053873573
1033308977
1064358676
1045297164
1028666662
1060786755
1063899799
1055434886
1061823254
1061524901
1030637495
1054812160
1051255660
1060262791
1045981392
1041696192
1044874725
1063850331
1017409918
1052382880
1051549564
1061161314
1053842253
1057908038
1060325164
1058511336
1023009775
1031249926
1052842111
1060290194
1051682306
1041407447
1063942925
1058530750
1042965479
1038125673
1063649141
1061131797
1064292628
1057963111
1058917886
1058467063
1064139109
1015984233
1054865008
1064032859
1046673785
1060815221
1042816221
1043122021
1046945216
991316734
1054758354
1062134138
1062562099
1062087623
1045026699
1040892454
1059107829
1046942557
1063614480
1060609424
1045412017
1053710183
1051483154
1062917265
1058859296
1031346317
1044107919
1055115624
1057665820
1064990929
1040649508
1059242799
1056923135
1063577763
1060627836
1054213730
1059483319
1055505353
1059325036
1054362183
1061120079
1060143970
1056584687
1061101710
1058299641
1057522878
1055462067
1059680705
1052418212
1043378974
1055592084
1051351591
1065236340
1046762618
1033729610
1064964719
1056093363
1057091616
1063746705
1062986409
1026564176
1056921799
1047627383
1055365021
1033295366
1061740333
1059102959
1061395544
1060257705
1059416166
1059535108
1053837208
1061884261
1059829652
1053275893
1062131771
1049952618
1057517830
1059940690
1044722940
1060409265
1050868595
1030166170
1051533462
1065344953
1065238080
1065263367
1058824842
1038722064
1059830763
1064487599
1051861017
1055553695
1052643140
1028966954
1039198012
1064274456
1022973227
1054521422
1051533960
1062976123
1032462494
1057276135
1057383133
1050994807
1064751960
1062996515
1054727048
1057099690
1058400721
1059033836
1032937018
1031069046
1050656989
1049466334
1054769174
1060311146
1051995208
1052525528
1041875148
1059561753
1032917239
1063131368
1026758535
1052109161
1041873069
1043557527
1049283439
1059558532
1031379528
1060016334
1047410654
1062997314
1053981188
1044257730
1052457975
1057463977
1045049439
1034187834
1049778684
1062318478
1055051806
1062214194
984972413
1045424772
1059309572
1005308862
1060622842
1062757676
1055972213
1058188216
1044742062
1056809114
1061809937
1039718665
1058338131
1058878050
1053092066
1049906040
1057564521
1058888617
1063466820
1044592666
1062632770
1054724206
1061885073
1062520578
1060970753
1059930224
1057589105
1061742886
1064845932
1042155480
1023867366
1050024960
1057796656
1031891079
1021111664
1059802760
1054973276
1052902799
1065303100
1063252292
1053033179
1064880033
1044675019
1063137211
1060921059
1053499282
1040534596
1060152668
1054208760
1064209421
1057435365
1056454149
1058212846
1058088830
1061182027
1047986709
1035062102
1028168534
1057525034
1042727016
1063750335
1061436636
1051077163
1052647079
1058038980
1058678907
1053061457
1064020837
1058374611
1060356869
1049908129
1054870244
1058794183
1061217663
1050935071
1061411777
1057940190
1062554102
1059990416
1024307433
1059900989
1057762800
1062373573
1061447847
1064331873
1055411686
1060716374
1062941269
1059091490
1059278730
1060576807
1054808978
1063322329
1051632010
1059749116
1061076992
1055576229
1047635588
1028141153
1062576135
1056573930
1043163014
1042866428
1058177274
1000424876
1061895877
1058808411
1041974339
1063095089
1045316373
1059511109
1040601647
1050458733
1029836238
1057489878
1053482130
1022581977
1059428371
1034429863
1049711913
1064358202
1050531237
1064334325
1013075834
1057426533
1058416611
1055410245
1057810126
1049147600
1046310311
1057795458
1065318400
1063338599
1056171578
1053622163
1061931467
1047945574
1056846251
1051898553
1058251764
1050830121
1058800845
1033961745
1059034687
1026060999
1062881372
1063911021
1057854398
1060821844
1043105314
1056539579
1057291309
1032323670
1061027369
1058666893
1063395941
1055859765
1065130519
1061520361
1033591242
1054135170
1035385419
1050189494
1007700260
1062060226
1062042903
1052567297
1056981999
1048047782
1056711847
1058974183
1053458987
1056079194
1059977070
1050191930
1038424817
1037233731
1063102781
1055201774
1062654865
1061450800
1057262704
1060603885
1016739857
1049778984
1058205145
1048181713
1060303023
1047662613
1058956198
1054165455
1051013375
1039850005
1054133787
1057583943
1063314720
1057166952
1062942838
1038913656
1064127937
1057900588
1060691828
1049110040
1062270591
1045320420
1051640253
1057932093
1063846708
1013942494
1062712881
1063139480
1043052507
1061055700
1063763852
1059432166
1059794172
1040410891
1048347668
1031085140
1060057056
1061894914
1064399328
1057398981
1059127988
1025030967
1048304145
1061862189
1059690954
1044909615
1057406667
1059931007
1125171570
922498503
905751230
3122400905
3196855392
3309236616
1120807430
3322976853
3208827625
3075157108
1174645458
1064235545
3111181115
1072237734
1065532690
3222709906
3154850993
1062068198
3352542991
1142826229
899620367
3278172710
3221546383
1048854724
1233888368
3338437882
3087652224
3216226324
1070505399
3207398198
3171684773
1067109999
3293493267
3156626015
1211297593
3106807512
3189668333
1155434326
3079464207
938592369
3130057631
3062738424
1162696423
904582787
3259445925
3155701135
1236709479
3063277263
3356758717
3083908332
3258526118
886996258
3159226228
884957851
874308006
3145688414
904368774
903181917
1100867082
1205292106
3126930144
3330188210
1155707985
3376008749
3293992018
1153359806
895310547
1021696255
3071709112
1169875350
1117346746
3342915765
1104147496
3088743316
3105659671
3271655500
921551127
3055477794
3377131915
896194426
1090556776
3208298681
1152593699
1142461610
1193390168
1142907531
1150006371
989824887
1210541006
808662215
982175884
930179321
920543213
925022829
892764656
1060149999
3108394620
3150470995
996173366
3314705930
3038751966
3105014620
978838255
941219081
3190313603
3185270653
1164331402
3189249214
3281561952
1065512711
951939033
1036307624
1057807268
1005075200
1035731035
1175281368
1150820954
1214927694
3206253046
1168985442
1158554762
3385047795
960113584
1024666686
1092233925
1074612075
1241481176
3307020147
3231066259
3121734673
3368886874
924571034
1102964607
3167390554
3088439361
3242469674
935993734
3264287762
3218293257
3177877746
1035670387
3289923231
1045096735
3212935932
1180330880
2978282614
1149370717
3372547055
1093895952
921594565
1059691086
3109324381
3361772275
3216411200
1111170079
3257399210
3240144521
3388514379
911182033
1099265759
1084907634
1052178230
998795314
3234309079
3215909153
1039633047
991771653
3345842845
1031887823
1041047464
3219115949
3236986718
3329825104
3299202549
1169566671
3158368293
3146172898
1111566548
952159095
3369626786
3257010914
3263729924
1229047918
3264516347
992030185
942528404
3156083852
1165688676
3198977408
3055925068
1144835618
1215313047
991541250
3271955888
3279274143
3240120536
3102627082
3078394754
1153716779
1141856338
1043679021
3205479478
856186322
3204913742
915681137
1061603326
927452613
1136711297
1068648597
949987886
3045554151
1225529122
1126730208
3228183663
1143492804
1012689296
3304677759
927475393
3161629835
3048155868
3172811279
3057170882
3090311722
1034176724
3324929860
1206350924
3070498820
3170936847
1158327036
1154246698
1014024791
3297899299
1232237177
3287963416
3292927116
3270324661
3360431373
924008686
3215030182
3286221020
974476521
3231578662
3349378848
1171751384
951225198
3255249623
3102947797
3119121267
1078223172
1066831446
939266957
968626343
3075008275
3316356290
3215068094
1039573962
919540670
1201277911
876315007
942566380
936407404
3388449276
3345692550
3074159737
3347305437
3332506445
1049118169
3232295005
3340899775
1141201245
3190961715
1099571732
3337357553
3316857726
889845086
3126319222
1193252008
3363686532
1053569708
3286301972
2978339926
1153202621
3017428585
3182654473
3098184001
3314575846
946869651
952974568
1197417332
3200072364
3143572746
1125483544
3375164423
3322112565
3136851018
3190881973
890314407
1179608288
1154661253
3176364279
1118135659
962580600
1154624068
3054656405
1154754895
1039974184
3156344921
974450942
3213111295
3147546884
992226644
1151933858
3269868916
3238246419
3079481418
3159996118
3054636094
3318608466
948601413
1209450070
1061249373
1078372226
1094591945
1014856278
894165455
933748119
3243565654
1124433455
1088330646
3023977490
3045128264
3164114201
1144560181
3186557225
1121077201
1087302173
3212247827
906921464
1179767797
1035901130
3355507758
3338879866
3385597566
1028111350
1066116847
3390689036
1201125840
1089935312
3148707197
910626865
1006410941
1199840736
3183541885
3240356557
2998830491
1175422066
977617793
977919668
954755395
1001253725
3232952546
3247953921
3378527760
949423656
937502684
3329983594
3148148785
1008676962
1234053439
3239088257
986574840
1226669442
3257045022
3357823005
1180606174
904760729
1146107548
3355576605
3098791313
3214298841
3079242582
1164402447
1099291448
3184591103
1041779147
3063335296
3065564305
1003504944
3095675774
3233424249
3375247633
1061067104
3214191047
922708496
3072038152
1040952448
1130971398
3179931172
957947997
3162747806
3037066401
932783967
3160254073
3264858896
1016257440
3239889639
1030562503
971532947
1127694847
901736889
3099375554
1155148759
1121188164
3108752066
3158617312
3112007579
3251489026
3294672224
3359675514
3300594207
3297170335
3064521815
3246692692
3185796764
3264469193
999628053
1008814377
1151546431
1124258776
1164752813
1193570947
908604078
3011571647
1188012262
3319248976
957366192
1158556432
3101261369
3338459942
1009791575
907458300
3297754263
1032278150
3330027528
1145067629
3313971805
1040414755
1110684875
3055976196
3329768218
1097867001
3272098230
1195810077
925578536
1003038276
3183981411
961326641
959729623
3181159936
973683996
1061808245
3102702590
881192709
3273113804
1106781165
1081910620
1198987258
3159084353
3186477028
1213015098
1038642571
1149878133
1167848881
1110757089
3055083949
3048294583
3095160415
1041579532
1173049027
3048357673
3275605599
3236517320
3308724833
1171295868
3218931517
3214317815
1078576310
973686881
1154099811
1204693476
1051426069
3356971514
1051344454
977614499
3053757005
979918315
925179241
1169913162
976097399
3135588459
1087879129
3154621748
1175577042
3144142115
3100064733
3229454842
1213321063
3078877294
3372208915
1203147135
935501879
3370336385
3375967058
1200239264
3370461970
969473071
1003474925
3380637089
886446233
1205066178
3026473480
3131194367
3217266654
3353842506
3135695714
3031017179
1036763504
985572898
3221813074
1068232816
1058029671
3172406211
1029015660
1060246157
3204701186
3207096069
1073276908
1047852666
3205802641
1052300679
3209437181
1058051219
1067529780
1057648242
1044126974
3204666167
1054522929
1059134052
3209756752
3206216645
3194327917
1052963754
3191948634
1061474617
3198490570
3193817380
1070417705
1029944116
3215058244
1060420902
1058251027
1039134984
3213085554
1075794389
3202700293
3212119785
3209557510
1071202268
1057330610
1068547461
1055792857
3187516849
1062351349
3208272913
3222181294
1069623471
3188932690
3195564517
1063051448
1048471004
1066995953
1067858297
3216293822
3198418294
1062744038
3205943098
1066629709
1047782058
3201894385
3207938815
3200471146
1048756897
3202147725
1050447158
1072994945
3202784531
3207293894
3207516181
3196773351
3180968574
3202846040
3198637808
3195669236
3204772565
3213332672
1067420395
1065377610
3196586441
3206528176
1065518035
1060521475
1025770416
3199323148
1060163695
1070045071
3197390804
3201898104
1038871247
1054080389
1065691039
1065758312
1061273675
3213667630
3214843409
1049710841
3142911964
3204778535
1048303307
1062585312
3215393291
1069464729
3209598278
1063369483
3216559982
3200475504
3208219402
3210116646
1051065065
3221335455
3210658639
1065396922
3214592499
3191345820
1071985078
1060283159
3184289570
1072040112
3202644752
1057211011
3224269185
3186727742
3214163245
3219799996
3199072523
3216394618
3220279370
3212397921
1068957112
1066557152
3189263194
3209811991
3202636695
1049013612
3204613712
3208482412
1042959506
3192948761
3217541267
1067747151
1062447021
1060619241
1056194098
1068831586
3213390487
3201310992
1051619511
3216067635
1075478294
3214665877
3211433483
3204950500
3202833338
3212965302
3223888998
1052993527
1063672089
3213091310
1061565548
3211662238
1067319530
1064407092
1052537211
3215264117
1049305481
3189290817
1069525595
1068102009
1050119811
3205772712
1058504586
3214502059
1032454971
3216638384
3208816684
1181404244
3328887892
1209637783
3357121431
1242278849
3389762497
1210117037
3357600685
3364169089
1216685441
3371178630
1223694982
1234009041
3381492689
1216200210
3363683858
1229432708
3376916356
3366540325
1219056677
3351940239
1204456591
3365137102
1217653454
1235869635
3383353283
3374124741
1226641093
3389112478
1241628830
3374897100
1227413452
3365542849
1218059201
3357727260
1210243612
1228684724
3376168372
1230345926
3377829574
1236930782
3384414430
3371374943
1223891295
1215449939
3362933587
1235421473
3382905121
1241762042
3389245690
3380605361
1233121713
3388195321
1240711673
3388475783
1240992135
1228887737
3376371385
1223501829
3370985477
3384796062
1237312414
3385855926
1238372278
3370757326
1223273678
3377036640
1229552992
1223455700
3370939348
3334920661
1187437013
1245364524
3392848172
1243599794
3391083442
3372849606
1225365958
1216947125
3364430773
3376046847
1228563199
3356132899
1208649251
3389516164
1242032516
3376317305
1228833657
1209463942
3356947590
1224647909
3372131557
1242242930
3389726578
3385586900
1238103252
1234676356
3382160004
1213383955
3360867603
3377203920
1229720272
3375476603
1227992955
3361265019
1213781371
3378104138
1230620490
3363075526
1215591878
3374600926
1227117278
3369174502
1221690854
1201969081
3349452729
3383702072
1236218424
1216469839
3363953487
3377500856
1230017208
1233193898
3380677546
1222009942
3369493590
3369734176
1222250528
3338725191
1191241543
1237545711
3385029359
1231934097
3379417745
1204528210
3352011858
3382639155
1235155507
3383677850
1236194202
1227485642
3374969290
3381669625
1234185977
1227371516
3374855164
3369768399
1222284751
3381345641
1233861993
1188647743
3336131391
3381757218
1234273570
3365254218
1217770570
1219618205
3367101853
3380129487
1232645839
3373349453
1225865805
3382127108
1234643460
1234602071
3382085719
3375224801
1227741153
1231909471
3379393119
3347626753
1200143105
1215691554
3363175202
1224828794
3372312442
3373285592
1225801944
1210609232
3358092880
1202464435
3349948083
3375525432
1228041784
3375537154
1228053506
1229385824
3376869472
1235782877
3383266525
1231874947
3379358595
3382170189
1234686541
1218453889
3365937537
1238136444
3385620092
1229178683
3376662331
1208778933
3356262581
3376359416
1228875768
1218391995
3365875643
1228249759
3375733407
1236018815
3383502463
3373048566
1225564918
1233104011
3380587659
1229593014
3377076662
3364079993
1216596345
3353566000
1206082352
1230347138
3377830786
3373415923
1225932275
3389400147
1241916499
3368390678
1220907030
1230152319
3377635967
3389289764
1241806116
3376795953
1229312305
3388034127
1240550479
3352677589
1205193941
1232940741
3380424389
1225215840
3372699488
1233123922
3380607570
1226234091
3373717739
3373495474
1226011826
1217965709
3365449357
3385731148
1238247500
3364468037
1216984389
3385730088
1238246440
1212546732
3360030380
1229133648
3376617296
3383791337
1236307689
3363973479
1216489831
1193352138
3340835786
3376028217
1228544569
1214581483
3362065131
3372583810
1225100162
3386299702
1238816054
1224549475
3372033123
1217480285
3364963933
1233817161
3381300809
3377800325
1230316677
3359839049
1212355401
1231512273
3378995921
3378341329
1230857681
3385663400
1238179752
1227796687
3375280335
1222203397
3369687045
1175236506
3322720154
1227050795
3374534443
1236807957
3384291605
1234476808
3381960456
1228818811
3376302459
1217556235
3365039883
1235006440
3382490088
3382052617
1234568969
3359088193
1211604545
1238617470
3386101118
1221571139
3369054787
3375949468
1228465820
1237532136
3385015784
3365152512
1217668864
3392711542
1245227894
1233980746
3381464394
1166348080
3313831728
1226371038
3373854686
3368146184
1220662536
3334467373
1186983725
3377646755
1230163107
1226426409
3373910057
3353902544
1206418896
1235501390
3382985038
3347357571
1199873923
3385979191
1238495543
3313698933
1166215285
1174104671
3321588319
1238120697
3385604345
3354920815
1207437167
3379365663
1231882015
3383447340
1235963692
1211390348
3358873996
1200593217
3348076865
1210111523
3357595171
3381708205
1234224557
3383872334
1236388686
1236873337
3384356985
1208420333
3355903981
3380536466
1233052818
3372355985
1224872337
1220863599
3368347247
1231798213
3379281861
1233185059
3380668707
1217922604
3365406252
3375306090
1227822442
3373200859
1225717211
3378910103
1231426455
3387921399
1240437751
1238376254
3385859902
1233816123
3381299771
3376614341
1229130693
1239770144
3387253792
1209834675
3357318323
1233913732
3381397380
3356110727
1208627079
1230990489
3378474137
1229438728
3376922376
1240752494
3388236142
3368792203
1221308555
3360477739
1212994091
1224054904
3371538552
1193247038
3340730686
1224197314
3371680962
1193787188
3341270836
1226112977
3373596625
3373180204
1225696556
1228628818
3376112466
1219712103
3367195751
1226821447
3374305095
3364490243
1217006595
1222764307
3370247955
3354786109
1207302461
1240509907
3387993555
3387587548
1240103900
1187810576
3335294224
3370862876
1223379228
3348330653
1200847005
3372798044
1225314396
3386122527
1238638879
1232846015
3380329663
3375893709
1228410061
3372173725
1224690077
3379852329
1232368681
1228112618
3375596266
1242453052
3389936700
1236390907
3383874555
3360958213
1213474565
1221628771
3369112419
1215620655
3363104303
1219983525
3367467173
3378295717
1230812069
1230062979
3377546627
1232751833
3380235481
1225137094
3372620742
3364966153
1217482505
1230841129
3378324777
3373276736
1225793088
1210819714
3358303362
1227270505
3374754153
3369638457
1222154809
3377642829
1230159181
1209121827
3356605475
1196487613
3343971261
1241954681
3389438329
1192641404
3340125052
3369779446
1222295798
3371298502
1223814854
3363607580
1216123932
3383833711
1236350063
3385207072
1237723424
1212995749
3360479397
3384177473
1236693825
3367644132
1220160484
3372510639
1225026991
3385716592
1238232944
3372911157
1225427509
1065353216
1065353216
1065353216
1065353216
1065353216
1065353216
1065353216
1065353216
1065353216
1065353216
1065353216
1065353216
1065353216
1065353216
1065353216
1065353216
1065353216
1065353216
1065353216
1065353216
1065353216
1065353216
1065353216
1065353216
1065353216
1065353216
1065353216
1065353216
1065353216
1065353216
1065353216
1065353216
1065353216
1065353216
1065353216
1065353216
1065353216
1065353216
1065353216
1065353216
1065353216
1065353216
1065353216
1065353216
1065353216
1065353216
1065353216
1065353216
1065353216
1065353216
1065353216
1065353216
1065353216
1065353216
1065353216
1065353216
1065353216
1065353216
1065353216
1065353216
1065353216
1065353216
1065353216
1065353216
1065353216
1065353216
1065353216
1065353216
1065353216
1065353216
1065353216
1065353216
1065353216
1065353216
1065353216
1065353216
1065353216
1065353216
1065353216
1065353216
1065353216
1065353216
1065353216
1065353216
1065353216
1065353216
1065353216
1065353216
1065353216
1065353216
1065353216
1065353216
1065353216
1065353216
1065353216
1065353216
1065353216
1065353216
1065353216
1065353216
1065353216
1065353216
1065353216
1065353216
1065353216
1065353216
1065353216
1065353216
1065353216
1065353216
1065353216
1065353216
1065353216
1065353216
1065353216
1065353216
1065353216
1065353216
1065353216
1065353216
1065353216
1065353216
1065353216
1065353216
1065353216
1065353216
1065353216
1065353216
1065353216
1065353216
1065353216
1065353216
1065353216
1065353216
1065353216
1065353216
1065353216
1065353216
1065353216
1065353216
1065353216
1065353216
1065353216
1065353216
1065353216
1065353216
1065353216
1065353216
1065353216
1065353216
1065353216
1065353216
1065353216
1065353216
1065353216
1065353216
1065353216
1065353216
1065353216
1065353216
1065353216
1065353216
1065353216
1065353216
1065353216
1065353216
1065353216
1065353216
1065353216
1065353216
1065353216
1065353216
1065353216
1065353216
1065353216
1065353216
3232203843
997390288
3146963402
3230783243
3316477934
1124951760
3223893438
3301655606
3111476865
3138995236
3180157123
3326149831
3214964576
1142949953
1007633692
3266937335
1040320435
3093977189
3256952027
1078382661
1036434861
940078144
3277229388
1020441515
3263816876
1030694201
3140841994
1052620060
3103255638
1036585038
3189136482
1020953602
1099238838
3233089915
940469660
958499057
996191691
1169603355
3298831993
3271342732
967964825
3130912002
3171972754
3276583775
3229477500
950329141
3187250391
936970454
1048465199
1080936742
1093853059
976547163
1093900157
3246643523
3284734743
917158313
3326993001
3108944626
3104633389
1069419305
1157829282
1095436017
3315330758
3292604574
3248873730
1079178222
3129519411
1092206430
3101277920
3103958048
1177064301
3272370462
3081861932
1040594884
1100445871
3159920314
3100512008
3184601452
1032848924
1141985898
3201016200
3137180926
1089226721
1119264809
1057952689
3223405099
3192171596
3213296341
1144567480
1017714866
1109827036
1033263220
959114961
976856203
3229688675
986521289
1095140377
3263200108
1138937382
3269598277
3268550520
3198330191
3215155835
1130544171
1014507118
1028225692
3214753752
1129517514
3155369477
1182401777
1069525724
970535334
3213663090
959764943
1111467700
3122132366
3244824841
1007897485
1032622994
3153103766
1066082867
3132709211
1171875029
1177909410
1074623796
3169745609
1183320470
1032338234
3190249153
961998967
1063362812
1035460984
1103293130
3158629917
1105786248
3169389863
3157743143
1068012392
3267801870
3091199072
1069683405
1085374624
3297436875
1073701039
964856522
1170507639
3178002253
1032993377
3242627077
3160821251
1088549384
3325375409
1138206389
3239992317
1101635015
1035712716
1150565407
929595237
3183110654
1167361105
3202822738
1003796430
1161075383
3204911181
3299214439
962338334
3272654489
3232031352
1176217352
981326378
1040536219
3104218370
3099179981
1006703824
3257490894
3335037844
1179267458
976012232
3182192304
958055204
1045198448
3135418234
1132768867
1065498307
935026211
3280720322
3227773824
1123946761
3091328277
3101381335
3196434669
1161678390
3234168877
1163331337
3313729111
3281280873
1019206523
1160959260
3181112761
3253021213
3215278529
3123802349
1014571124
3178078053
1159635656
1177466068
3150223728
3181202015
1152331785
1149544536
1078951837
3100474551
1117503660
1040246707
3137583323
1158911162
3180225162
3305538002
1050913723
951643775
3303017010
1176693748
3105270073
3092173943
3130787420
959451142
1090795943
3258974270
952786186
1118358031
966327194
3201426736
3302669311
1016242103
3269870407
974906330
1040978999
1061612458
3086999184
3274452763
1058350777
1050544880
978136082
3131734154
3245418693
3148641239
3131345514
1007852223
3231153943
3259120597
1052968633
1126470107
1086035019
1102615515
3284434944
3206228313
944849570
3210484649
3095852489
948601329
3249686234
1172496408
1010219782
3299279969
3125600770
962982082
3198943092
3167908421
1117736638
972953390
3240619021
1063199360
1060530930
3262569182
3221118630
3105320215
1043516561
3099688455
3318170391
3129555397
1047478399
3168439164
3045783858
1068620215
1050595549
3168705489
3131192620
1165507931
1094766895
3088301098
3157610351
3125849925
1155508995
3172458146
1000465158
987301671
1007425043
3183818830
939024210
1157881515
3275036975
1027699669
3323079552
3218993410
3104668701
3141145908
988249442
3297181427
1088083341
1038665558
932310456
896572256
3085028215
3307683651
3185843279
1164068079
1143662934
3075635352
1175519128
3183670825
1042089651
1167300001
3280838610
1035096908
3138738333
3263795990
1079046432
1136743263
3133194467
3299324377
1118923586
3098198623
3096361199
3124205332
1066420520
3159009013
3319718741
1038461135
3284773385
3322089896
3123766090
3321274640
3270031120
982948812
1175017904
3162512825
1120017220
972921414
3294514312
3208872634
1057901471
3311406811
1135487462
3286939513
967083890
3143267077
1175884359
3297909570
3251181529
1166432274
3258110010
1151021624
1069023858
3152974424
1003449256
1003899258
1150679569
3159206952
3130854060
3296850884
1091318008
3294519347
1032886268
1035660118
1052579193
3283295750
1119258422
1101363171
3256300529
1088032076
3129437472
1061079976
3094865017
3212199723
3202692630
3266979127
1159559797
3106157161
3238403986
3262330353
1147914103
3245269247
1172555673
951209203
3132217915
1171566759
3226529055
3079877292
1072007216
3138198759
1119951975
3185400326
999347968
963414308
1024129986
947337055
984556155
3230690100
1047556926
1155175931
3272743680
3121904130
1155937122
1089687376
3152070378
1018281524
3228687395
3180014072
1156906572
3130753778
3184938142
1147741638
1070776800
3324189254
3301482184
3240088179
1140458642
1178044673
1168260164
957222837
3293177740
3189168254
3258683124
1050658084
3235311406
3316395958
1012827897
1127442486
1067292551
1098096092
1157185954
3267348066
3327392590
1057918855
3261839509
950940402
3153275767
3264180794
3151485395
3147054600
1160914968
1164810441
3250383379
3146736927
3130445699
3121637120
1035619665
941076533
1147624290
3241367702
3205992189
1062754701
1036504657
949263057
1083311589
3130080801
1074796850
3206963524
1134336981
1099220186
1094928662
1118379507
3113914448
3255404972
1065625901
947794587
3230690959
992648831
1146606808
3272725353
3195599591
3205511639
1051688209
3271318930
3273782459
3100701275
3179717541
1123181721
3234720459
985404716
3104907164
1031366712
1116645518
3268279036
1034400362
1002661966
1097031085
1067822381
3136452314
1032460986
3266998973
3304146862
3186569416
3161760238
3302492206
1050660728
1150559365
1125113768
3133907915
3091582772
1026040682
1022087252
1100011184
3162630644
3096347765
3130122694
3328562142
3320964875
1143773160
3273492168
3167980878
1080162018
1032581742
3099887491
3240818543
3285493857
3283618084
3297623623
1066384975
3222139514
3191919496
1058353651
3197724185
1068730766
3199872966
3200424004
3190095675
984763738
3207911257
1017876481
1045683300
3198780414
1043466895
3213150096
3201805346
3202268621
1020709880
1054624109
1056711756
1069035537
3172330346
1065652285
3186360235
1053770630
1064480692
1069144055
1022363513
1048777635
1060795815
3214160777
3199804371
3212215090
1046102730
1069951170
1057904814
3185688968
3212689963
1066646072
3197666755
3212260206
3179296779
1070662002
1071685563
1071492987
1070268490
3215735928
986014331
3208669955
3214849887
3207500784
1058167044
3188840237
1067128014
1071179108
3204687208
3216438891
1068104145
3208915314
1046525279
1056243946
3205966835
1033877963
1069560639
1043411524
3185223732
1025453657
1065447858
1048970815
3203277183
1065046948
1063607710
3221122756
3198725364
1063301489
3211116072
1022483847
3208688790
3205283865
1065478563
3204705515
3209818753
3216191709
3216871512
1049350941
1063429979
3213852688
1056996979
1058307412
3202293566
1050769170
1058409194
1060996992
3185230113
1050908320
3190028601
3217602587
3174421334
1029035884
1075444004
3215900511
3203307714
3206589961
3223546406
1043865645
1076146478
1076517538
3207386245
3221708867
3203776798
1052342484
1056342590
3204902226
3215908776
1047031326
3211395025
1066249790
3209019559
1064719572
1058358086
1069029636
3209329948
3206035960
3215411494
1050069422
1050205165
1075276272
3204891120
3217462117
1051593254
3210878221
3188470249
1054078480
1067031029
3204250511
3199567672
1040964610
3202439115
3211436424
1016859364
3207132529
3208194532
1043229150
3195539837
3194538335
1057006268
3179727905
1062403584
3205303991
3217348265
3178266869
3213613555
3222883322
1055965834
3213556120
1050098428
1025589335
1042709473
3186200376
3213195712
1071984574
3202220041
1058556161
1027145767
1000395857
3165342335
3204812911
3205470225
1049114553
3198361774
1062883896
1058786305
1014303607
1047228537
3193195670
3294185541
1018345381
948100345
3172014854
977199804
1081195870
3214315406
3118308985
3128801736
1050868698
3290865594
1048592682
3328252063
3327785341
3290435431
1102748939
999597826
3234362726
1000133065
3125521354
3166519545
1038289037
1041580773
1022382093
956214928
3272727257
3148566877
1089138928
3323972320
3176727748
1114114277
1145121959
957932759
986468185
1067370767
3233791688
1039031747
1147281981
1049318959
1058762555
3097392881
3134962621
1169160722
3206047096
1028070883
1097200994
3242363833
1166261950
1085384566
3214390952
3234414407
1125959003
1146745920
1181171624
3286716727
3217815312
1046549145
1107627696
3229256578
961661301
1185105327
1168860531
3305618307
3323058209
976871907
3125723024
3325994681
3167843792
972558301
1116611689
1067387858
3185524784
1058181731
3297980514
3072576340
3182289264
1010007634
3106874259
3165655667
3325425693
3067284422
1116427769
987878630
1006895226
3226423732
3239853890
1149566616
3296747063
3196419489
963346046
1033477636
3269892760
1053437141
3287188757
1118044023
995390571
3267116129
1032090359
1133690973
3223964073
955821209
1008773514
3237157014
3244703152
3105893598
3321756140
3148691648
3272706352
1064129825
1135816966
3176722318
1122514109
3127460866
1041671078
1038584588
939873752
1009250571
3314960576
3288715893
1151240613
3293033482
950683314
3290893544
1183041527
970192583
1007511504
1041506693
1175379726
1070422245
3266822481
1082298996
941825390
1174165714
3100284804
3165280375
3285430411
3265760231
946287866
3267456241
1126176581
3205581840
1156650888
1150063286
3208568332
1007641535
3282062419
3228174014
1168008117
3156357887
1134432752
3103813204
1023329062
1057200184
3299704830
3300157577
1120676873
3151767747
3095063795
1147358677
1142482790
1097695304
982861722
3157892685
3151203197
3159586717
3129951256
1082836289
3252807745
979628462
3207139639
1050498810
3223707960
3117154632
3156044885
1013129872
1021354181
1073921920
996418107
1124418518
3315160128
3133451521
1037643935
3169630571
3232729841
1149477398
1032978209
949141963
3098538423
3153449407
1000897573
3158101028
3235420097
1047251999
1050447932
1011017038
1019153802
3171816288
3259498958
1174534802
3263417044
1037276930
3184404375
1021429698
3142483342
3094261500
3054507487
3301629799
1081801067
3252390700
3074173880
3112880170
3265994028
3188398235
962071103
1011572120
3165428806
3305257197
3212994355
1183811765
1083665353
3214699142
3147308346
983735508
1127930975
1094826520
3129548918
3127103770
3236960404
3211017414
1033493907
3282432893
3214344311
3297990812
1076365218
3320592088
1181328934
3208107562
1035233964
968161569
1035897263
1015318045
3293680278
1058884507
1162482977
3313735638
3163324382
1174402496
987373798
1146199439
1062651623
3184873647
952873033
1044652833
3218886643
944474294
3089075979
3282388803
3109183944
1175498560
1112465673
3150922620
961785265
1140718518
1016974763
3250188949
990608113
1065680126
3276007763
1064576201
3191577514
3196417706
1062383113
1091952025
1128783051
3186893448
958401731
913514818
1090555384
3179387271
1095697007
1001655588
1031694480
1072308879
3298508349
3181647093
1091436797
937059623
3235601042
3154947742
3147045652
1144546126
927671292
1091599808
1023477560
3259734897
3072770804
1073891313
954558917
3187732153
954561003
1115781141
1086121375
3143748062
1156234697
959817860
3327573033
3271673983
3192365507
3185877173
3279008678
3127244872
1022956898
3154587476
964026533
1158119377
1121603465
3280387554
3267790171
3320243860
924778966
3131006843
3154507297
3322523244
3245905101
1024692613
1066901343
1085928201
1066498379
952582038
973412737
1095725065
1162737625
3317137958
3101756425
1124518563
3214779900
1058152261
1124228278
952286177
3198136726
3247981854
3155616446
1126339375
949830470
915595066
1145365148
1016347229
3236194006
1018384171
3282660026
3316081257
3103845384
3163192978
987862735
1023658538
1052846354
3191600422
1141431203
3291245265
1033386193
3298459231
965469661
3161599634
1175811377
3144910977
3093301204
3239760318
1139838231
3122020498
3230029033
3265812061
1101651184
1024465509
3274944236
3203035694
1069206766
3235452327
1094173806
966721324
1124200608
3330366178
938304883
1176593467
1115773537
1012319436
1043096140
3267719206
3290305464
3085662687
1146174641
996148309
3156991669
3180612268
3127130832
3183460496
1171590655
1032192513
994454627
1003571851
3149579090
3090284906
984454005
1129552656
3184617579
1091024472
3212919482
1129668773
3272160438
1075873860
3273617141
3106741280
1157901870
3291797067
977778108
973766166
925349669
1154145980
1028183500
3101062058
3235322805
3241382418
3327434671
950142984
1000413895
3192532779
1030869364
3316351948
1065880356
3100471479
3125214446
3277980681
3167062308
1010708462
3114601349
3266425813
3165491611
1185603747
3174342958
1045331552
3314881740
3212554437
3188851882
1008674766
941054451
3228665411
3273250804
3187477187
991350449
1137151842
985821424
3205081743
1166915557
3327710040
3331136665
1000429945
1126764259
1110192912
3174372313
1019723966
3176843445
3210589017
1100051015
3312353089
3167542210
1005937673
3100591149
3323605848
1050936194
3283343400
951156433
3334383982
3322848179
3221558781
989876440
3192612895
1070005437
1090537234
3227138059
3293902702
1091842991
948652419
1101035530
1027786637
1150879119
3252471808
1138620614
1057511457
1009038279
3322686374
3096025231
946230052
949157794
1121947240
1050166192
1108605757
3287066018
3269887961
3290112979
3305114080
3172771324
1185204913
1084988665
3287035214
1150273835
1007439022
3187205553
1178560514
978166509
3238777874
994463086
1071684009
3212010993
3218136390
985172917
3283624955
1137551931
1036028341
3179707983
3263317250
3162823907
1065853115
3207775477
1131307946
3172223389
3227083764
3271951472
1175154211
1006081565
1041470055
1062503493
1040249978
3217581662
3220066675
1042575540
1056073185
1041469171
1071095498
3191748464
1060570825
1045900402
1059965116
3215909773
3221388459
1070504928
1054906828
1063753070
1048245691
1060756646
1065628851
1068467196
1063701853
1062982622
3214236408
1056663751
3188127074
3202247226
3225860674
3189125043
1037449016
1066410009
1048820479
3177996745
3213299846
3197545083
1060173511
3207920297
3195716663
3208981454
1048108122
1077140186
3206224108
1055893497
3213207730
1069225022
1065556504
1070787234
1039453882
3208834532
3212905055
3201860352
3211730721
1055398232
3208564725
3208892078
1071519266
3172802869
3196402425
3191582022
3216491975
3197503582
1066959121
3194216750
1060500892
1052416530
3213888789
3207401574
3208745027
3222037877
3196695589
3212852323
1052243752
1047781868
3187821912
1064447595
3205768825
1074408312
3184784253
1071415147
1058010265
1050950652
3184409465
3217235548
3219086225
1062058024
3185910080
1009022993
1031438644
1063655399
1041829732
3224291462
1045650727
3214707116
1066361061
3196775686
1056268275
1062892323
3218057198
1054765985
3177451956
3188058247
3216176013
1058846440
3215631978
1059653879
3198467060
1065130738
1062102302
1076277049
1051583425
1059468700
3202699848
1042801821
3210327657
3205307862
3214385364
3214837786
3219417394
1070595841
3205802934
3202283686
3194632351
1056934935
3203303178
3221480995
3212322863
3198099719
3200383649
1061392057
1059575746
1066783178
1061917593
1039048610
1059065009
3216683678
3161223393
3189292319
3218269734
3209209322
3186498552
3208229945
3209695728
3212320001
1052136561
3211853130
1069336514
3216657999
3163568108
3216844982
3213492041
1045511148
3217674980
1061620352
3209864090
1060808249
1069267441
3138994701
1061521751
3179353645
3220265582
1070262206
1058927171
3213202773
3205375558
3206351057
1046289926
3208277771
3189401507
1045428246
1065108334
1053364135
3213625479
1060368669
3213519383
3185856653
3124363611
3121462909
964857937
1064870332
3318604894
3225356811
3122572547
1083032610
1124631401
957049983
3293178418
3314587382
3300680237
3246308497
917900968
1031257461
1135896819
1103579725
1057501643
1071099193
3269728213
988716776
3247015724
3198170093
1124085776
3189824565
3219030897
3211815505
3087796157
3108766308
3127765697
3104194262
3141843039
1015850613
1113471283
3106354737
1082088045
1067142812
3133557666
1020543489
3137201034
1134739985
3298445032
3226722088
3293627319
1046698950
3330410114
3242697591
3099461870
959207078
1152306071
3236248313
3209977777
3279481154
3277454331
3287214778
1184465501
3214337703
948949566
1024439344
3179786280
951853576
3296340548
1147370740
3147953982
3331132860
3284583638
3100417850
3104749559
3093838668
1102278662
1142221361
1090815433
3237619563
1074377145
3102618441
1034079881
3137565521
3291009091
3269182050
1050382123
1137379677
3243171937
3219210719
1104917572
1060479138
1061638033
1062384309
1188221612
3127367149
3259375578
3242812367
3205908874
1006940012
3081158784
1088296188
986582311
969623437
1114298216
3165175728
3297424668
1182363388
1058119529
3127756970
947960761
1057934671
1139666921
1172449537
1143564809
3238116858
3108459787
1015744452
3215838881
1168560956
3234464624
3332765822
1178096146
3188970771
1014814925
3084218789
1100631864
3179164841
3157252241
3281374474
1157073495
938609889
3209416764
1119763500
3080216423
973353992
1021494467
3154302159
3260194575
1180778945
3272372955
1018374331
3305566901
3123377962
3329079842
3301209178
3263431311
3144166666
3158529412
3102883365
1035134240
3307468996
1051409084
3324268968
3330627704
3170424616
1068948865
1123115806
3246771201
1034815143
3209078790
993703282
3242844279
3105626220
3095015241
985334705
3145994352
1057261880
3167720277
3151223159
3163326763
1155047444
3162194016
986114924
950568913
3079919532
3125027948
1077575825
3161524901
985966938
1107572339
3101476888
922973044
3289546547
950848906
1163648565
3155039756
3104880862
1000734269
1141168891
3205743998
1161469100
3164603626
1065623492
968155310
3333258201
949811013
1065459384
3191699877
964926072
3320048835
3098711808
949491586
1077664597
3113850321
982659837
3272711902
3242260470
1119458849
3237731912
1156147967
1095763394
3190771717
1019627582
951616507
3266107373
3322880473
1149435639
948366907
3287792762
3318822767
3275298574
3114607631
3191260628
3100480128
3270636329
1006284920
973362933
3276908865
3153097043
1033732475
3189982581
3216294139
1157292276
3114910880
999289997
1059075171
991166853
940026261
3181751724
1075433618
1141605606
3123093594
3105263349
988928983
1036456138
3187067909
1063269248
1004909376
3241011327
3115237197
3123125341
1054666894
3063408162
965318404
3164459144
3082655254
3169862709
3221766412
1116965653
1020286449
3246977013
3256220845
3243118819
1182613881
3166358612
3128893693
1161557124
1078037425
3222695250
3153235316
3330769057
984376018
1011845696
1070948977
3212531820
977019498
3104781017
3229151356
3237159272
1035887271
1174746961
952520710
3183937853
1066813865
1145543607
1138739346
3231302352
1114010057
1154726841
3267828061
1093220397
1103597441
962015983
3203525910
1171302595
940039207
984183323
3319635230
3092441247
1138510561
1068464778
1123096729
3264629550
1004525090
1149360445
3289508171
975849957
1016928429
1086102571
3171992833
998272980
3238297219
3256736696
3243759245
990516962
3237071332
3179436951
3311215409
3189322351
3273351363
3090103313
943630658
3190097411
990345885
3201620184
1090917526
1015805468
1078003334
3271664720
3137544302
1060606540
3147768954
1166165571
3091566105
3142142637
3241213035
3268002032
949253058
1013773103
3266873164
3098307019
985584253
3216315373
943113282
1032385558
1118826684
3080147790
3296413882
3274722781
3130669624
3196176430
1009105290
3156960086
986636300
3149609917
3122993968
3144836865
961088448
956101412
3189945832
3142047360
3242024180
3199855975
3280458155
971626506
1033191209
3269186427
3312467000
1064164302
3331845006
946989743
1091839288
3158533085
1006683153
3224602652
1051101176
3183874938
3222666680
3158510694
1074189009
987260637
3318204827
1170674755
3160091289
996646630
1068516270
3253796180
940982818
1012610233
3314129077
3132480830
3262124976
1058397202
976210061
980256395
957257417
1032321138
1035094224
1099670629
960753058
957802826
3260564513
3101468397
3297925045
3190768021
1128820519
957858661
3122604277
986153326
1065430876
917258892
3148097288
1116972907
1115893031
3085726308
3313624023
3245728462
3212718550
3219223029
3106408433
3235304806
3208363776
1038296053
1033159297
3294205070
1144083512
1036721039
1170883039
3136721600
3311689325
1130469018
3305709881
3103459616
990225730
3211239696
970443308
1099839339
3145069806
3256011857
1049533998
1098437618
3278033251
3156197806
1168783196
3190954731
3302461405
1130765562
3170636753
3157596292
1049324938
1065627040
3329165223
1032388909
3263959902
3201780092
3329739617
3055641008
3088029717
3130320945
3209014427
1009071131
3113619115
3316604630
1142304191
1040634201
3146208918
1092621732
3303227218
3138984469
990795932
3165825015
1016420286
3162630678
3112807475
1090097470
999168394
3324652235
3131875220
1044183960
1068619415
3125804720
1081810523
1123623714
3261316255
998952666
973978345
3333347499
1180177243
3142066006
981727576
1011337706
1048098170
3100945414
1148664762
3124809933
1060692679
1073882559
1061326030
3074951816
3268815245
3313459316
3239712980
3137474013
1151576387
972409590
3147102598
3104004385
1034457255
1140904071
981794373
1136492852
3107007337
989177356
3137197435
3130098149
3213072672
3231353630
3265481801
3214207273
3098544992
1047526950
1006913214
3098761017
1099583683
1093354298
1024713818
3232540407
1143562034
3081980352
3084502493
1027651505
3090766539
1137891425
1065969960
1064984775
3219375968
3211469963
3180320792
1060038949
3215071595
3199663815
3165584183
3188406770
1060139783
3202381308
3205342465
3202219643
3204857245
1070784819
1053574326
1043228328
3211920333
1062876764
1062664574
1068318698
3205666363
1049396076
3202591522
3213613108
3208125107
3219072107
3223764631
3198206858
1055764698
1055220487
3181247587
1080951324
3202587279
1006956019
1062441040
3216995190
3171796626
1065264249
3195017223
1063484003
3201654764
3191529221
1060606530
1026666823
1069373367
3193540664
1052126311
3212926422
3203458784
3211549338
3202858530
1071852331
1051549831
3205383690
1049201093
1063657802
3197482254
1067890426
1056454703
1068364774
3210411257
1069145929
3175146786
1055766746
1067529073
1064021567
3210999479
3208918904
3183659894
3218965145
1054448016
1072621279
3198643901
3217507053
3214478004
1063091915
3199689560
3197158315
1058626789
1060422264
3215202225
3216396248
1069440205
1074229939
3227393267
3214677723
1062854328
1063167579
3197773685
1057591606
3216298667
3216670838
1064939589
1065871241
1069970567
3210997400
3203223953
3205659134
1059205966
1053738116
3209666109
1074404177
3208037039
3202892709
1052678157
3200332669
1071312251
3209898675
1042238769
1061336874
1074826990
1071972926
3208586293
1042954697
3210116763
3204107050
1050062540
3204659410
1049866920
3206030343
3196819115
1050062789
1065372936
3208758470
1056204145
1063444112
3200425633
3197335741
3182613941
3207154879
1066353264
3197280121
3216725409
1029178828
1052218786
3170405981
3192389714
1040626799
3216306834
1065979626
1058948123
3184845933
1051926894
3212023088
1026594578
1050065610
3224224499
3188145198
3189605314
3199512378
3198658975
1062491324
3206069930
1050411481
1045947983
1068158399
1054284267
3222245603
1061082368
1047093236
1066708384
3207468994
1062727717
3213661001
3214220345
3196989256
1063649054
3203540030
3222902200
3205348633
3213497202
3191406319
1066842198
3225852618
3142564884
3156181590
1034884837
3127167441
3200104113
1134216132
3131698638
973444606
1008692702
3040630873
3272058867
3155711270
3181859897
1028871600
1183039738
1013657683
3096184705
3188562310
3198665754
3161369775
1104829675
3158547236
1180066914
1072104102
3250801615
1096415490
3306274047
3185245122
951991828
3245526572
1016603005
3127723502
3173650353
1002193876
956101505
1040954852
3179670105
3106466157
1099682705
3154324890
3175386901
3272501817
966395822
947470655
3185741150
3134025004
3123452903
1051878128
950433726
1032231141
3100842451
974657308
1143979456
3330857537
956311824
3152654062
1079440705
3250509859
3221575678
1171099004
3096078816
992561790
1066161247
3183001456
3172921431
3102145992
1011635310
3271608522
3270533415
3274580754
1133284075
1116112397
1014553309
3182497719
1078663413
3206231543
1034889870
3207300488
1020754248
1157267466
973895806
1111679586
3285479527
1037682429
3330185764
1170600569
3281170756
3214848376
1100153509
3104793882
3227456368
3198432138
3280225130
1143178202
956184046
1139084215
3276000887
3276414743
994417602
1175687962
3089212846
1081032307
3102338507
3273438226
950667496
982469873
3318281152
3219986046
1167960123
981061849
1147691420
3274969618
1183185755
3221742092
1110209057
1016034848
1183040920
1014343056
3088271453
1181187938
1063250631
3272555676
1079377777
961170907
1171799909
3132737648
3107121281
3272410843
1015787466
3156739892
3098218413
1123194196
3097513992
3298095310
1054076578
1143662690
3150981869
1103481270
3163218345
1023986369
1105802060
1041062720
1096540556
992258890
1174905654
3182749134
3201242461
3314535951
3308685412
3108793159
3214903085
3315014242
3272896352
1112769077
935162995
3099214361
3316855026
3129458886
3068055652
1090699991
963353659
3258970693
3303808177
980462152
1095368635
3284613451
1099222945
1124437720
3135588478
3261487026
3162609955
3139035800
994958271
3234059494
3086366629
1088899687
999591094
3238452291
3124531929
962494079
3098023391
949605729
1156993430
3092306573
1012944323
1094136579
1042414803
1183553997
3105450388
3130356589
1090750611
1146259914
3290956380
3121550280
1084243546
3086426476
3206230723
3150711177
1176937149
3336481207
3144054344
970759253
1121936264
1159100029
1023873953
956688214
1009609977
3294885581
1059613680
3247917756
3122154861
3154440887
3185354042
1022314626
1065226943
1169804206
1061126840
3277909165
3216607612
1099751477
1044613190
1039046577
1040624519
3173317325
1141394110
3103847771
1137178216
955335073
953501295
1141670357
3185936805
1094775122
3138116225
3304283100
1027281983
3168977246
1030553027
3289722545
3238544006
1105424342
3256486099
1126527499
955443199
3320324661
991780774
3262558266
1002455695
3214935091
3212586858
1069397339
1061659389
1129706494
952323878
950456790
1017255622
3136403686
1118376378
3162381605
1149045671
3107671758
3187701169
987406255
1048890508
1132749544
3189120014
1035184569
1095025044
1063133798
3283847500
3265075001
1099284328
948769179
3252329799
1074128810
1169425140
3087392567
3318532355
1028161316
3293479330
3185134057
3314526166
943155254
1096330789
1036565317
1109068883
953058533
3315390481
3312584281
1070213874
3333904577
1132904092
1110082649
3233991683
3116429445
1055889885
3172661265
3214080013
932292025
935545167
3291872067
3182153888
953344950
1116554779
3258524788
958037636
1121320859
1001885641
3091896817
3159012851
3255002042
1034812874
1149937336
3222632145
1016437835
1119736874
973333781
1003298400
1055964003
1078604189
3314489535
1057621267
3182554590
956714739
3164733890
1160923083
3212037824
1143418684
3180148045
3196198101
3129632635
3108790160
980211496
3125495540
3178134666
3178270693
3285983728
1025874664
1083949037
3117568073
973439828
3333383171
1090501657
3189511512
3181184580
1126304815
978931769
1152183332
1072484521
1030527671
3266786875
3129836542
1001142157
3151979642
1002344947
3280190934
1038998089
998397927
3121549980
915358402
1097784914
1008016007
3121425050
3114271903
3152659473
3097695975
1172587309
1143981374
3240352838
1152640509
1018067586
994180849
3157972291
3255617797
1119327267
3102792955
3210610284
1124338365
3278679716
3280844462
3261406635
1094201081
1108837198
3208857448
1119276222
3299533358
1060827028
3247890294
3295616626
965078428
3141512984
3308050720
3155875232
963787676
948174496
1083187960
1086278621
1031930367
1008351151
1048962798
3280598220
1116576615
1087018255
3157180457
1120336378
3136498890
1066204441
989911244
3161909793
1177732128
1147446397
3128906336
3140573239
1126434871
3214258130
969270506
3326528929
941119968
943510733
1034380965
1130770613
1062722834
3183665762
1135859434
1181823846
937702692
1075902732
1101252621
1012017320
3222576761
1100433668
1090182039
3154530559
3160588991
3246429186
3267908407
1140359180
982408872
1105408274
3281051398
1058013925
3257504701
3136716550
3201977784
3104636340
1184755155
3160574884
3211103016
3172516525
1091263255
3102438032
1142272282
1075291028
1034860998
982994308
3090532129
1027541146
1010409545
1010265225
3216084041
1070935722
3185266117
938248074
1080184691
972255795
3274725819
1095767875
1001313918
3205180822
3282657644
3111963211
1041769001
3272189347
3316936781
3144907699
3098745930
1078961305
3305394225
1032174591
3087783155
1172732674
978610212
3176959252
919949343
1093343219
3101700048
3135142040
1125674740
1148447382
3122648793
1103843807
3294830601
3281406026
1052086784
3168366787
1005306331
1066874962
1040738196
3303844126
1175970718
3269227467
1136362283
1079701462
3184014470
3176170957
1082168748
3209277001
1008680907
3199811727
3241113697
1123745356
1158486706
3207415043
1172753167
3102396187
1126680677
3136569354
3182575023
3246663289
1139039974
3262148389
999947216
989755914
1096394680
3271767302
1002252879
3104947848
1109420903
3104824474
3214786441
3214234994
3201575846
3207710122
3192724864
991614591
3211061081
1073339682
1068865583
3215122288
1064065115
1068450693
3217731840
1069297591
1058538234
3169148597
1052372886
1069161720
3217534042
3208232951
1070426763
1052848130
1058574191
3200620353
1051964721
1072222511
1055221893
3214597880
1075334924
1062053473
1057206675
1061200417
3201782674
3212837017
1066306409
1061445079
3211567743
3208338504
3214815408
3215140337
1050074212
3215342408
3183209079
3212277868
1039182990
3179317146
1067132773
3207132151
3209281549
1055916374
3203289739
1065177162
1064964662
1063287026
3198098624
1075578531
3215024124
1060548224
3210866826
3185655573
1040055732
3184982993
3212993705
3201769239
1037479197
1045815657
3211428273
1029573040
3211016374
3171439378
3195364036
3205766585
1067325146
1050057783
3210270741
3197831965
1055391842
3209760686
1063300775
1049000540
1041108290
3206914370
3190913980
1071192716
1065658976
3215348630
1062413649
1043180703
3215420139
1058377323
1054477570
3213494044
3205954002
1052818829
1050609770
1064634013
3215292692
3189954235
1047274150
3211576171
3226017727
3218602024
3207372374
1063683755
3194188162
3216850282
1040779590
1069802847
1059074017
3221763759
1065738012
3215246794
3210943990
3205980319
1071033470
1061235718
3209917861
3206640073
1059069822
3203138916
1034977719
1068978174
1065668074
3222153993
1052420702
3207319281
3197508263
1067173288
3195830952
1067271919
1049014632
3212993170
1046843800
1070714925
1051242995
3213472652
1063314726
1067789970
1052132743
1061876568
1053924812
3216325938
1043086544
1070437060
1035547069
3204890523
3169251969
3172674088
1058112478
1069174720
3213618331
1062145867
3207167439
1067084604
1069665042
3200537097
1057706130
1057025692
3188750976
1065802439
3179746764
1064598162
3199371485
1063984964
1068596189
1053588434
3171748740
1066637953
1044490471
3212676071
1037493119
1060913461
1064910846
3211403661
3183860765
1052093393
