# S4 ap_fixed gemv input -- STORED INTEGERS (the .range() field), not floats.
# ap_fixed<24,12>, M=4, N=16, 3 cases
# discriminating rows: Q-mode 12, O-mode 1/12, defect 12
# header: W I n_case M N
24 12 3 4 16
126899 28942 -231025 -493531 375530 106540 11553 164585 -404459 6738 -87697 -400933 -452578 418924 -232403 19842
-1450 4005 -3500 -19 -1584 503 3384 -1115 1130 3290 -1315 -1597 -510 -614 2124 -2664
1725 1278 1490 -457 -1015 1486 -1766 1245 -1757 -456 196 651 934 2015 -17 1000
3138 -3528 -981 -6305 2109 -5397 -6535 -1671 4192 4759 -6177 -2103 -4615 -1711 4123 1217
9947 13468 -14059 6580 3798 3657 6462 -2480 -3650 1811 7322 13304 -11608 -6396 5559 -4079
-16160 18912 -13674 -28700 6517 917 10231 21559 29871 -16852 -23617 -13892 -5488 23485 -7323 -9378
64550 -98870 873904 822316 868442 244869 1041105 898238 545694 393941 -18007 -113849 938713 385259 -385319 375588
-3108 1499 566 -1770 -2991 314 767 1419 -308 1831 976 -1464 -1791 3628 2337 -2455
87025 -8772 141273 -84459 -37842 25600 188167 216911 -143065 -60318 -17676 -208710 -195787 -213093 88623 127448
3283 -7742 16276 16096 2863 8795 -5719 8977 -3356 2487 606 -12265 2677 -765 9582 -457
2804 -8921 -5350 -2461 -3002 535 5726 -3006 7844 -11530 14208 -11250 11106 -8566 -803 -11803
-24170 -41746 39938 19680 43784 38963 1043 -30100 -25673 16613 -44250 -60083 -14616 42267 65057 54772
174 -372 -898 -258 -267 450 -572 313 -347 -432 -85 -1022 225 -520 -655 147
742744 556775 421245 342015 364611 457631 -753042 -837571 671066 227056 535121 -968109 -304272 -708224 -623651 -202907
1593 13084 6294 -1038 9592 2621 16202 6202 -15912 -12314 10249 13899 -9372 -8882 -6768 6788
