# S4 ap_fixed gemv input -- STORED INTEGERS (the .range() field), not floats.
# ap_fixed<16,8>, M=3, N=32, 4 cases
# discriminating rows: Q-mode 12, O-mode 5/12, defect 12
# header: W I n_case M N
16 8 4 3 32
1298 -3791 2689 -4934 -1087 3297 4143 -1598 -2470 237 -6987 6270 -6846 474 -2858 3926 3932 1793 -4312 3004 -183 1255 -7035 3559 -2205 973 -6856 6326 3322 5855 -7414 1452
667 1186 -1216 807 1079 -1854 -1871 366 -2013 558 936 1678 1449 -486 -1414 -912 572 -1536 -1849 -1545 -776 300 1913 -810 1663 1811 55 -1074 -915 2046 673 -1072
-164 -90 636 -34 888 -75 -96 -1014 924 712 769 3 930 -44 -587 -317 625 35 29 289 652 681 -71 -13 976 -928 568 710 897 -138 -412 147
-223 -522 953 -586 626 727 738 -951 -910 -109 308 984 -80 114 -47 -302 -501 44 347 -555 571 284 -636 -97 -854 -767 319 -109 -865 -334 -16 887
100 203 92 250 15 -107 111 -11 -223 202 -234 30 256 -66 159 -16 233 178 110 106 134 243 13 -208 92 152 98 40 -32 -138 110 123
-6118 4762 -2608 -2647 7200 5227 7433 656 6703 7541 7192 -5157 575 -1808 -1583 1564 4941 -5087 615 4505 2326 121 2425 7519 -2152 -3900 6656 -378 3676 3590 -4205 -7461
1493 -489 336 -1674 542 1815 -964 -1307 -652 -1257 886 400 -544 -701 690 40 -763 1698 1159 231 -108 -1745 1450 -321 -1382 -2027 -1569 757 1761 1355 252 -1261
603 -499 690 110 -881 373 209 494 -611 476 642 -489 981 532 -420 -985 649 -35 935 657 -21 718 -53 -293 -455 -251 -243 746 393 -618 813 245
75 -24 -175 38 -164 -186 -245 144 227 169 -243 117 143 61 -55 -92 69 -62 -147 95 -80 14 186 -102 237 -58 -247 228 225 211 -222 -132
6143 -235 -3218 3897 -6856 1957 6483 -2593 -240 148 -223 599 2541 -4390 -6629 -7981 7454 812 -5016 2411 -2880 1914 1154 -5983 4631 -595 6154 1513 -1074 2779 4836 -5088
-14822 -953 11701 -9746 11386 3648 5655 15129 8042 -2373 -12041 3042 -12061 -6646 4833 5592 -9618 9011 5459 15635 2637 -7910 -13859 -9147 4523 7661 4976 3024 -2107 -283 -4142 -1423
-824 382 661 -175 903 -145 316 -796 -588 -961 -443 207 515 752 -418 486 -693 -416 -179 -422 115 -209 -256 -829 413 -917 925 192 -959 -831 -271 551
-3597 -5695 5583 495 6874 4341 -1270 -2484 -3720 4768 -6742 3545 -3096 8073 -4974 5684 7228 -3333 4927 -1426 2903 -5060 -6090 -4118 -7186 6215 1344 325 -3916 4780 -2016 -7581
-19 58 87 128 -27 120 25 -113 65 -113 70 127 34 13 -87 -112 90 -69 -32 28 -14 45 -89 46 96 -102 -95 -3 88 46 -39 6
1242 -1800 -72 -2960 1851 961 -242 -2352 -1803 -3071 69 682 1357 3108 2938 -4090 -3271 -2554 -2467 -3386 3679 -421 330 1504 3398 2970 2482 -1311 1236 1663 3274 2413
-275 743 -554 -813 1004 -944 -239 -897 -928 -810 459 427 895 947 -252 186 -493 85 -436 521 140 209 -756 59 -546 -407 -520 953 422 -236 -891 1015
