# Vitis BLAS gemv verification input
# IEEE-754 bit patterns; M*N matrix entries (row-major) then N vector entries
# cases: 0=ramp, 1=uniform-random, 2=wide-dynamic-range, 3=cancellation, 4=discriminating-0, 5=discriminating-1, 6=discriminating-2, 7=discriminating-3
# n_cases M N
8 1 16
1065353216
1073741824
1077936128
1082130432
1084227584
1086324736
1088421888
1090519040
1091567616
1092616192
1093664768
1094713344
1095761920
1096810496
1097859072
1098907648
1065353216
1056964608
1051372203
1048576000
1045220557
1042983595
1041385765
1040187392
1038323257
1036831949
1035611788
1034594987
1033734617
1032997157
1032358025
1031798784
1061006922
1058967811
1062311914
1055304428
1038795690
1059550868
1048997217
1049331452
972678351
1053571268
1058504623
1060220641
1058010932
1063020152
1050636021
1063400657
1059740199
1058856627
1063677106
1052099921
1060605129
1060252731
1063265619
1057968298
1045519541
1050785890
1044391194
1062039173
1039777138
1056601978
1055903934
1059766889
1031596237
1015791383
3030158804
3158978489
3037115623
1132554451
928586328
3372552528
3073622007
1182245605
1180318447
3339799759
970113861
908562617
1038285998
1037499192
3184640296
1049218432
1066642180
3216994536
3218741857
1063560377
1066100687
1058735759
3201131925
3213106085
3208933712
1066857795
1061182834
1068737473
1069999915
3194908395
1232201800
3379685448
1234359331
3381842979
3384994892
1237511244
3386041462
1238557814
1228919349
3376402997
3347038878
1199555230
1222173319
3369656967
3366736178
1219252530
1065353216
1065353216
1065353216
1065353216
1065353216
1065353216
1065353216
1065353216
1065353216
1065353216
1065353216
1065353216
1065353216
1065353216
1065353216
1065353216
1065008826
980091816
1066845853
1108290184
959317196
3178300439
1002537625
1016801587
1010494528
1011250300
1124587334
3225887188
3319401218
3209532493
959519638
923157821
1070119747
1050814195
1058712423
1075501526
3205183498
3214979700
3205694110
1071167452
1062443563
3224435253
1057647193
3211458741
1008982303
1068626068
1066165360
1056766044
1009943619
3127474956
1176131967
3185673407
3217012807
3281694489
3325002994
1178175087
1176728504
3130432359
1141704260
982117019
1159554354
1144898927
1166354256
1049619980
1045376602
3201481011
1053353615
3223541868
3192689315
3204253990
1066539210
3198524482
1067535809
1061534071
3216571951
1049277320
1061419330
3204760117
3209050416
1069251760
3116602815
1035712473
1008929702
3180930906
1078955237
1010989764
3163922748
3153900189
3131085197
956433651
3317949880
3295349241
3191565550
1147908559
1183456009
3184001539
1060074217
3209019780
1049423024
1043649971
1070532072
1039973872
1043394132
1066478303
3214629672
1070839646
1056192820
1070241376
3223994207
1032994920
3206630439
1064926820
3315841123
3121398399
3104091135
3322772852
985293136
978333362
1168133629
3262728255
987435089
1101897236
3096904722
1052336551
1019543519
3161283824
1177633784
956634397
3213976705
1057031896
1072075279
1055011109
1066106464
3210049799
3209858983
1072862244
1041325426
1065901232
1063860765
1040137196
3184858380
1072955393
1072782370
1069996891
