# Vitis BLAS gemv verification input
# IEEE-754 bit patterns; M*N matrix entries (row-major) then N vector entries
# cases: 0=ramp, 1=uniform-random, 2=wide-dynamic-range, 3=cancellation, 4=discriminating-0, 5=discriminating-1, 6=discriminating-2, 7=discriminating-3
# n_cases M N
8 2 48
1065353216
1073741824
1077936128
1082130432
1084227584
1086324736
1088421888
1090519040
1091567616
1092616192
1093664768
1094713344
1095761920
1096810496
1097859072
1098907648
1099431936
1099956224
1100480512
1101004800
1101529088
1102053376
1102577664
1103101952
1103626240
1104150528
1104674816
1105199104
1105723392
1106247680
1106771968
1107296256
1107558400
1107820544
1108082688
1108344832
1108606976
1108869120
1109131264
1109393408
1109655552
1109917696
1110179840
1110441984
1110704128
1110966272
1111228416
1111490560
1111752704
1112014848
1112276992
1112539136
1112801280
1113063424
1113325568
1113587712
1113849856
1114112000
1114374144
1114636288
1114898432
1115160576
1115422720
1115684864
1115815936
1115947008
1116078080
1116209152
1116340224
1116471296
1116602368
1116733440
1116864512
1116995584
1117126656
1117257728
1117388800
1117519872
1117650944
1117782016
1117913088
1118044160
1118175232
1118306304
1118437376
1118568448
1118699520
1118830592
1118961664
1119092736
1119223808
1119354880
1119485952
1119617024
1119748096
1119879168
1065353216
1056964608
1051372203
1048576000
1045220557
1042983595
1041385765
1040187392
1038323257
1036831949
1035611788
1034594987
1033734617
1032997157
1032358025
1031798784
1030811889
1029934649
1029149750
1028443341
1027804209
1027223180
1026692675
1026206379
1025758986
1025346009
1024963622
1024608549
1024277963
1023969417
1023680776
1023410176
1022901776
1022423281
1021972129
1021546041
1021142985
1020761142
1020398881
1020054733
1019727372
1019415601
1019118330
1018834572
1018563425
1018304067
1018055745
1017817771
1059130122
1048589518
1059532322
1051053652
1005632040
1036176261
1041638784
1060909524
1064768377
1049826391
1060558724
1061505259
1055583128
1065282120
1044309803
1057732283
1036176308
1058254441
1019105870
1057410274
1017807657
1052629956
1061447563
1055413889
1025362686
1062455350
1059028713
1033158569
1039155011
1047029837
1064358146
1054302666
1060387489
1064444507
1053193299
1063292454
1064177467
1047243907
1054975886
1049200831
1060406868
1045751228
1051979513
1062864241
1052312690
1059284698
1051370638
1057139855
1061251398
1052301341
994768547
1062297071
1038797567
1040340938
1033211252
1051693846
1033620772
1065277716
1040733393
1053827304
1056516723
1050620914
1025257812
1063465811
1043386591
1060071829
1039750252
1018104651
1058031947
1048501582
1055599663
1058257815
1052795481
1063293434
1050383157
1053155533
1058951662
1041626047
1060758956
1037670920
1047720208
1053858461
1031922851
1032945185
1055849084
1065352640
1053696656
1041162588
1060781757
1064979258
1047765286
1053829846
1061563549
1064837543
1062364298
1054032907
1049522878
1041256877
1025588468
1064067624
1051675406
1050353635
1050423120
1048929409
1057644490
1001479459
1051341079
1050779548
1044212913
1049473805
1050518126
1064638760
1056973809
1060404302
1063357721
1051464025
1063810703
1060900515
1043766108
1053737206
1049594155
1058839042
1050749247
1058307923
1056851735
1064979035
1057456282
1061413048
1057561160
1065140185
1033433203
1060779257
1058675873
1041507876
1062206667
1057826532
1054031819
1046214267
1031880849
1035682671
1063103446
1054031174
1053761587
1052375912
3044925682
893701365
3364292090
1080478336
3126103557
3216090984
1231139365
3081111838
998510181
1081888882
1182596249
3183997753
1219751076
3190159109
938240271
960776310
915625456
1049892823
3164252135
1037946060
1069513596
3385886341
1117014242
3297460507
3064540035
1035637592
3307250666
3124999345
980125614
934760779
1153153723
969579010
3060500741
3334742787
1075590670
3041885657
3174857883
1121601635
898796478
3294095555
1067617705
1083255180
1019327191
3266577823
3033285869
1121575828
3270050216
1039669997
938740481
1118282103
999570788
960208167
916721375
3284722366
1195527134
3352976597
3266534729
902157622
3049206629
976848911
935821623
3263275379
3127040258
3034915629
3211273614
3299110111
3265986742
1042594306
1088973971
3156467833
3067462332
899336739
3095725081
3325285805
3181303372
3347428815
3327721579
3268718703
1051926559
3323565728
976226750
3073118364
3383746143
3344353264
1054909540
3182506407
1223628968
3159720764
931309928
3341792081
1035235955
1155273828
1094633813
3236785655
3241315907
955924483
3218453860
1058943070
3198314355
3207730256
1053639285
1065156009
1061199412
1066720456
3214125221
1067621547
3211473639
1058587248
1057056610
1061332639
1061555588
3206761749
3214886463
3215615862
1067402770
1057051506
3219065409
1055165238
3216812705
3184156509
1035043268
3189193799
1040527025
1041990109
1068259749
1019432501
1063766342
3213628272
3148123539
3173437684
3199603269
3213388435
3183280902
1072540696
3177040268
1025328019
3216684031
1058550770
3196215921
1065363909
3202184411
1053673225
3210438577
3210672794
1231356473
3378840121
3328396385
1180912737
1228135861
3375619509
3355457653
1207974005
1235817202
3383300850
1231535526
3379019174
3374770157
1227286509
3357422721
1209939073
3369523514
1222039866
1224059386
3371543034
3379327915
1231844267
3382095124
1234611476
1229986288
3377469936
3370906487
1223422839
3376192655
1228709007
3384043466
1236559818
1238522280
3386005928
3387110641
1239626993
1238057375
3385541023
3368679438
1221195790
3377080962
1229597314
1224535949
3372019597
1217159442
3364643090
3370964046
1223480398
3381909201
1234425553
1229230035
3376713683
1229115618
3376599266
1225196993
3372680641
1225000591
3372484239
3360622921
1213139273
3379237396
1231753748
3365552907
1218069259
1229087695
3376571343
3374351660
1226868012
1218138952
3365622600
1225444879
3372928527
1212793078
3360276726
3376386023
1228902375
3389485354
1242001706
3373857496
1226373848
1215365323
3362848971
1234791621
3382275269
3374373371
1226889723
1217223012
3364706660
3385257488
1237773840
1213966895
3361450543
1231897225
3379380873
3322666292
1175182644
1065353216
1065353216
1065353216
1065353216
1065353216
1065353216
1065353216
1065353216
1065353216
1065353216
1065353216
1065353216
1065353216
1065353216
1065353216
1065353216
1065353216
1065353216
1065353216
1065353216
1065353216
1065353216
1065353216
1065353216
1065353216
1065353216
1065353216
1065353216
1065353216
1065353216
1065353216
1065353216
1065353216
1065353216
1065353216
1065353216
1065353216
1065353216
1065353216
1065353216
1065353216
1065353216
1065353216
1065353216
1065353216
1065353216
1065353216
1065353216
3232977678
3305932301
959726758
1094891322
1070252240
1051330658
1115819094
3313752640
3323503466
3144458076
3255047694
3143432847
3319945808
1162626897
3247738806
3218022070
983010018
1064569188
3229377649
3206639403
974311454
3326519978
3127136827
3326466986
996791948
3108297649
3332375291
3153727883
3190421576
967851318
3322874065
1063380636
1127177802
955218065
1074954334
954098898
988221290
3329117555
911690501
3317642875
3327686096
3225138526
1169396753
1065189821
989445721
3189664053
3235300242
3299420737
1134553506
3187355746
3155351728
3221391964
3323768074
3126965566
1041925742
3270876293
3300727550
3123202405
1140110167
1119960823
1094842679
957181777
3310353072
951064307
1065854869
3303658219
949605388
1012410604
3165142013
933892696
948310439
1092064454
1069255631
1069464358
3240152332
986865771
3228381141
3184329346
3174356465
1129031473
3245042111
927341623
3292577902
3261223488
994745658
3163825926
3293691305
1156611251
3226496629
3315202690
961601205
3301349459
3279959596
959982156
3156029967
3258084827
3217865502
1061267872
3214237120
1061611116
3208524367
3187785673
3199503392
1060347369
1062709679
3177544645
3187045753
1063467387
3214098716
3215823792
3208990397
3199012151
3213620497
3225728335
3181547277
1023552652
3159961620
1064505580
1060275314
3211509216
3181983941
3213226994
3204034682
1064680774
1044606704
3217365496
3209123801
3213539494
3204557523
1059167515
3217233644
3213555040
1067047100
1070605677
3218559850
1043744365
3199424478
1041373007
1061702928
3196805420
3201422377
3210402606
3217356201
3210897615
1160789299
949130470
3108406980
1061923993
1025147741
3160506199
3195811284
3130907389
1035935282
1182371870
3101274521
1064104280
3187452006
1069122651
1119395364
1172805463
3285725070
3304284281
1145427712
3215894485
921491728
1042300931
3288260269
1133508405
1130097640
3088431515
1058308337
1008075358
3206063392
3090306273
1058054768
1033536921
3310597521
948507589
1043510641
1095778092
1152088648
3318690848
1016724937
3171260250
3268394588
3172259058
1050258472
999520431
1002634673
3145690931
1060071712
3191810920
3221852875
1042781172
957341267
3250848871
3138863132
954096436
1150232311
1011217969
974320024
1093532920
921912408
1154915945
1045431502
989525781
1051522157
1060241815
3158905054
3238560295
3202121559
1176129745
3161194884
1058833717
3138855352
1057597118
1154197210
3208212389
3159000905
3164810572
991077664
3219598558
978588970
1174980714
1119873177
3205312666
3086440212
932704852
1161911023
944251542
1174893221
3270026400
969791023
1025475399
3256254841
3102618103
3329178263
947389102
3319411733
1038239190
3180039469
3176288754
3205601107
3209601174
3213402223
3215171646
3173940487
3201350757
3201246678
1060365412
1065529195
1063440717
1053857535
3159986246
3199633314
3224609473
3215316901
1069667109
3205080853
3205175838
3207436794
978194401
3222159720
3203992332
3204139201
3219852635
1075992112
3184136881
3212993740
3215990861
1072832601
3196419077
3207512510
3222371948
3207581094
1070180726
1065188579
3207482791
1049148243
3214524745
3187290350
1062486401
1070134545
3211703215
1067989910
3176296016
1058139279
1055361593
1153587462
3273025443
3133454162
3319988096
1111345960
984470413
1001166244
3243702591
3305381175
929265295
3150087267
1177143870
3154576012
3230876110
1161076650
990226107
3157849656
3307415046
3239889070
3141697520
1007917669
980654071
3104487921
1068855734
1027305756
3339648124
948938988
3261946891
1162610097
3266057005
949173817
3166823428
1188772069
1145557921
1145313488
3293205824
1172172143
3213833126
1096829447
3095860591
3100192873
1127745005
1176559024
1016923961
3292981604
3131850243
1045245089
3129488700
3122024446
973305818
3121436374
3220172121
1057618944
1146620932
1008722201
1083709188
3201351062
979163113
3130255618
1001089924
3152415556
3322301001
1084000273
3161168939
3125966677
1020374025
3181893614
1068756666
3315147009
1139573540
1011069735
3138287115
1099807012
1079311994
1121511958
3179778073
982156520
1086960276
3163841436
3174758271
990952802
3256663778
3096681542
3272849713
3090073437
3227588795
989776964
3100576727
986409497
3246759755
1115647360
978682546
3217911438
3244245369
999593181
1120309280
3221591281
1058318381
3214202912
1051472325
1059748237
3209259828
3222330886
3214409703
3194012335
1060211407
3196107741
1062102740
3204622503
3163877578
3201412985
1055228831
998246499
3218639462
1059775815
3181676213
3204151800
1058354015
3205148403
3201430943
1070098346
3203643633
1065840294
3221329604
3213918955
3205378436
1042006549
1044417979
3222985736
1067445735
3206629488
1069549311
3202711991
1056061084
1069311391
1055851822
3207829848
1062061994
3214312911
1072446858
3195960123
3214534915
1051771016
3200541842
1063319314
1042760693
946973184
3200263186
3217453624
3331067106
3311011846
3188237852
987820280
1027881697
3163805030
991174330
948034844
3135716655
1159065144
3185700449
3288601705
3155344370
3282717932
1159505361
1114418749
1010191267
1120871708
1066529193
3188553050
961494318
1066782254
3108541899
3221250458
3192042135
3222180550
1137206528
1090778627
1176356020
3184358698
1182916749
3318394779
3174414409
3163637985
3173227690
1129803985
965156512
1008296485
1042847496
3291869727
3318347209
1111072728
3125065542
3163981840
3286022264
1065392394
939032756
3296908273
957450400
1152439206
1171852532
3097752198
3337168581
952346312
1171673833
3201386961
1011246686
3161884362
958879424
3096712873
3228378042
3147749842
3257795436
3131194956
937178636
1117805903
1158246503
3207618675
1095321373
1001063093
1029875330
1114206513
1062710399
3185889688
1123217230
1009253745
3272354677
1127976454
3171686835
1124190822
3209712517
3204985933
3205121674
958417336
3201286697
966462073
3160537908
3209797702
881384191
3163095530
3221921958
3215088391
1060123332
1072141926
1060323695
3206773622
1067509325
3203893272
3165297796
1070112449
1062100178
3217403360
1042322219
3206465801
1060347060
1055723099
3215025124
3174608440
1062207154
3221517905
3223008612
1049422035
3218995719
3209314061
3204608202
1062808125
1067157213
3213039545
3221733886
1062350270
3210527863
1070630581
3204726401
1066634215
1074623547
1058981533
3209464231
1070137341
3196883838
3190149575
3226090036
1059353440
1062742515
3210828432
1059001188
3214929188
3190929538
3205081150
3207404906
