# Vitis BLAS gemv verification input
# IEEE-754 bit patterns; M*N matrix entries (row-major) then N vector entries
# cases: 0=ramp, 1=uniform-random, 2=wide-dynamic-range, 3=cancellation, 4=discriminating-0, 5=discriminating-1, 6=discriminating-2, 7=discriminating-3
# n_cases M N
8 4 64
1065353216
1073741824
1077936128
1082130432
1084227584
1086324736
1088421888
1090519040
1091567616
1092616192
1093664768
1094713344
1095761920
1096810496
1097859072
1098907648
1099431936
1099956224
1100480512
1101004800
1101529088
1102053376
1102577664
1103101952
1103626240
1104150528
1104674816
1105199104
1105723392
1106247680
1106771968
1107296256
1107558400
1107820544
1108082688
1108344832
1108606976
1108869120
1109131264
1109393408
1109655552
1109917696
1110179840
1110441984
1110704128
1110966272
1111228416
1111490560
1111752704
1112014848
1112276992
1112539136
1112801280
1113063424
1113325568
1113587712
1113849856
1114112000
1114374144
1114636288
1114898432
1115160576
1115422720
1115684864
1115815936
1115947008
1116078080
1116209152
1116340224
1116471296
1116602368
1116733440
1116864512
1116995584
1117126656
1117257728
1117388800
1117519872
1117650944
1117782016
1117913088
1118044160
1118175232
1118306304
1118437376
1118568448
1118699520
1118830592
1118961664
1119092736
1119223808
1119354880
1119485952
1119617024
1119748096
1119879168
1120010240
1120141312
1120272384
1120403456
1120534528
1120665600
1120796672
1120927744
1121058816
1121189888
1121320960
1121452032
1121583104
1121714176
1121845248
1121976320
1122107392
1122238464
1122369536
1122500608
1122631680
1122762752
1122893824
1123024896
1123155968
1123287040
1123418112
1123549184
1123680256
1123811328
1123942400
1124073472
1124139008
1124204544
1124270080
1124335616
1124401152
1124466688
1124532224
1124597760
1124663296
1124728832
1124794368
1124859904
1124925440
1124990976
1125056512
1125122048
1125187584
1125253120
1125318656
1125384192
1125449728
1125515264
1125580800
1125646336
1125711872
1125777408
1125842944
1125908480
1125974016
1126039552
1126105088
1126170624
1126236160
1126301696
1126367232
1126432768
1126498304
1126563840
1126629376
1126694912
1126760448
1126825984
1126891520
1126957056
1127022592
1127088128
1127153664
1127219200
1127284736
1127350272
1127415808
1127481344
1127546880
1127612416
1127677952
1127743488
1127809024
1127874560
1127940096
1128005632
1128071168
1128136704
1128202240
1128267776
1128333312
1128398848
1128464384
1128529920
1128595456
1128660992
1128726528
1128792064
1128857600
1128923136
1128988672
1129054208
1129119744
1129185280
1129250816
1129316352
1129381888
1129447424
1129512960
1129578496
1129644032
1129709568
1129775104
1129840640
1129906176
1129971712
1130037248
1130102784
1130168320
1130233856
1130299392
1130364928
1130430464
1130496000
1130561536
1130627072
1130692608
1130758144
1130823680
1130889216
1130954752
1131020288
1131085824
1131151360
1131216896
1131282432
1131347968
1131413504
1131479040
1131544576
1131610112
1131675648
1131741184
1131806720
1131872256
1131937792
1132003328
1132068864
1132134400
1132199936
1132265472
1132331008
1132396544
1132462080
1065353216
1056964608
1051372203
1048576000
1045220557
1042983595
1041385765
1040187392
1038323257
1036831949
1035611788
1034594987
1033734617
1032997157
1032358025
1031798784
1030811889
1029934649
1029149750
1028443341
1027804209
1027223180
1026692675
1026206379
1025758986
1025346009
1024963622
1024608549
1024277963
1023969417
1023680776
1023410176
1022901776
1022423281
1021972129
1021546041
1021142985
1020761142
1020398881
1020054733
1019727372
1019415601
1019118330
1018834572
1018563425
1018304067
1018055745
1017817771
1017589509
1017370378
1017159841
1016957401
1016762600
1016575014
1016394249
1016219941
1016051748
1015889355
1015732467
1015580809
1015434122
1015292168
1015154721
1015021568
1059182223
1058347165
1052073143
1049938510
1040879962
1001637716
1045295598
1054371846
1029014899
1064827456
1059004049
1064125555
1048187188
1056909243
1057326638
1057092163
1060069766
1059343831
1024341452
1013160179
1061699438
1054647452
1031875063
1049878616
1060802895
1046730721
1041197027
1053525006
1063692114
1063653589
1064896253
1053774437
1058808795
1051142610
1061013498
1046259241
1062768275
1065256948
1051705161
1052815048
1057027289
1010022509
1059459473
1051811178
1055155032
1061085697
1039139354
1044870467
1041407534
1061606303
1064372508
1025952314
1064836288
1057546685
1059418413
1059551663
1035608396
1046544412
1062257236
1063878196
1051654348
1059922874
1065174046
1037738752
981775188
1050422677
1062491266
983673507
1058004758
1058927339
1060400805
1057403928
1065211038
1064118082
1052816967
1064624200
1064970808
1049948119
1043295703
1059534980
1055051905
1059085263
1060023760
1058998404
1058372356
1061315058
1052794918
1064030715
1059822686
1037393504
1064918226
1059310497
1057387184
1061266686
1059468703
1051898622
1040879195
1064610334
1064857739
1051078105
1047164078
1062871399
1056109723
1055571678
1062147785
1050362174
1041368405
1059401459
1060831987
1060727422
1057300608
1062171355
1042210452
1059349697
1064347682
1057786007
1050163666
1058438590
1064543469
1045337162
1065267880
1060925390
1062022365
1049118185
1059780095
1060464492
1050326553
1060369619
1041049483
1059427710
1054174793
1055426193
1057228500
1050395599
1056409127
1045786724
1049274747
1039071159
1048355713
1057460714
1062062211
1058974723
1055542044
994760097
1033321379
1063899962
1044979904
1041445482
1056797604
1064740796
1062447265
1059914777
1049968781
1061185825
1053066651
1030470257
1061356398
1058772226
1053599354
1064014976
1042928449
1031941510
1054081164
1040054427
992175404
1058368473
1052440511
1049431075
1065017463
1060144579
1007271676
1059062447
1052593430
1053341988
1057020643
1045088683
1043820358
1056459197
1060988597
1037137543
1054175179
1056409141
1043225193
1061084359
1051949568
1062588728
1049521311
1043811850
1050818520
1058007286
1063653454
1052695210
1052373308
1062859979
1059727158
1045142068
1061120618
1048223006
1061327761
1061337454
1042552013
1056428383
1046160450
1043066195
1057955954
1044805021
1025948679
1062746788
1053115133
1064153350
1060984972
1058904506
1064817371
1057939799
1057855259
1058461939
1061743869
1046176350
1045789289
1058831139
1063727710
1058308917
1059030332
1063039427
1059156274
1050807986
1057523512
1064615874
1051031426
1044215773
1060588857
1060637569
1061499899
1053966911
1060380652
1060818304
1062474731
1026869322
1058980576
1063875900
1050053617
1044247554
1055231798
1044084091
1058863452
1061787006
1058056502
1058165604
1038390471
1064302339
1057655931
1050264169
1046030514
1058158273
1062788115
1057246008
1003231497
1047245309
1059587727
1051590623
1023545142
1059519993
1035290076
1050627155
1063659953
1063748467
1049460282
1060095237
1035646147
1065334555
1054306287
1062842434
1053086161
1063045287
1053903401
1061664415
1059520636
1058999789
1064197583
1058218863
1063440123
1058328440
1059984255
1060396619
1060653843
1057146837
1057054931
1064675428
1062547405
1060326448
1061473072
1041465898
1055791692
1062606471
1058524843
1046803484
1054112881
1064944164
1062430006
1063663224
1054725273
1044953198
1050759243
1064857791
1059817170
1058273712
1064431837
1057038629
1064405501
1064302037
1045303896
1061754293
1035215815
1049975951
1064366884
1024855770
1060173131
1049289571
1052611314
1034123387
1092162502
1228735391
981740111
1094017089
1116532162
1195025649
3107649226
3241103130
3226778546
3246816485
3372838428
3263924933
3272854395
922921200
940533618
3290637506
3153794070
912583919
3355115917
889009177
1177695461
3216029026
1159159939
1008883772
925178511
3217119081
956638546
971762177
918206763
3380413755
3326970028
1148697059
1193258733
3105255172
3262443710
3298932805
974620899
3074581237
3353131033
3215181006
3367457419
1123622986
896031718
3370997393
3065237809
1093682626
3240879665
1200743087
1041765814
3012015322
975427299
3188636946
3287625580
3081144145
984551092
1131410736
3346407716
958825960
1185116644
894510934
3330973986
3065274956
3181579412
1206265327
1228841467
1166799046
3266671140
984005121
3106171463
3182689782
3366054884
3087151147
952469555
1175134249
1207643270
3272676385
3191094260
1094177637
3240806035
3288602387
3069845255
1122620661
977211746
3385045124
3154182800
1146368799
1087903338
1189021373
920558584
3193943073
1198249526
1144967118
3293382393
3172045086
3124337481
3322788341
1207367132
3047596934
3135376935
3096253824
3189007698
980691297
934397249
1037801852
3139040820
1094376651
1022556974
1104412837
960814086
1067750694
3373375702
3211209435
1143844926
958881138
1195279344
3138774834
3025937358
3084489993
3275038430
3324513877
3071499635
3285118600
3286802314
3374380362
1040236953
927064836
3156720423
3030667474
3266003406
981750146
1168317133
1035054374
1206948671
3337846627
3068703164
1188414654
3281011197
3294822459
1013130911
3342854423
1061350810
988052590
1032698663
3129721159
1024580675
3305499784
1082249458
3104832502
3119067256
957521172
929597674
1149265560
1053148484
3230118514
909281171
3359072847
3247965854
1146784965
1041798596
1043805303
3174177347
1204290188
3272283104
1122762967
861650006
1151963251
1116792061
3125027727
3196609469
3145909524
1058614374
1010753092
3079083461
3123936024
1082793190
3038803609
3247575634
3012138974
1212719802
973908763
3151550598
1055056536
3270064975
3201111215
3037782038
1064309824
3361441525
1225473566
3305249020
3048594172
3273120198
890360729
3264523237
1166075398
3098767732
874637565
3090761981
3383090213
977603830
1049745569
1217593035
1166448514
3037455778
1176515416
3236518271
890093138
3105227393
1155941464
1084543020
1107447091
3155970374
987741664
947282241
1091853642
1170435555
1032846445
1235578936
3332376842
887175912
3181102057
898032605
1232205762
1209063027
979196237
1180202680
889523362
3378923838
3145975386
3060085476
3073198254
3080551903
1118617760
889928486
3035373002
3196200128
3320743829
3051931626
1009157661
3028646410
1234104631
3139024214
3357415508
1085714639
1198052307
3127693749
3101865407
1191343421
3279937602
3263962046
3322445496
1197458342
1090097873
1009698303
1037030429
3100957382
3285659134
1052416785
3209230824
1068997768
3211625329
3174524206
3211492215
1071846787
1054186093
3214684678
3200283880
3207958592
3190847128
3217215561
1042647839
3183260922
1053828569
3198172568
3213111922
3189007258
1074989292
3210514068
1046720224
1060530044
3193876857
1067816160
1071043532
3173376827
3213636913
3180759414
3117073610
1059250597
1066001427
1066263795
1065996948
1059931476
3220909558
3212344565
3205908733
3209076457
3210704663
1060094678
3211085848
3217795949
1071747426
1057004789
1046114988
3212955960
1032964385
1064478722
3205378470
1005807878
3214762392
1064600385
1035606922
1033745429
1058869135
1063527920
3219852337
3219173754
1067157916
1074101502
3204206354
3200213076
1066811099
3369419921
1221936273
3341461194
1193977546
1219049594
3366533242
3385865567
1238381919
3365356333
1217872685
1229373075
3376856723
1239124790
3386608438
1219555343
3367038991
3345381855
1197898207
3385564536
1238080888
1221660118
3369143766
3371953251
1224469603
3349911584
1202427936
1228335128
3375818776
1208550141
3356033789
1180481385
3327965033
3375065923
1227582275
1235205164
3382688812
1239342188
3386825836
3383489769
1236006121
1189040241
3336523889
1230668031
3378151679
1226636059
3374119707
3378184148
1230700500
3364505775
1217022127
1216776213
3364259861
1234980387
3382464035
1233590081
3381073729
1206334168
3353817816
3370748225
1223264577
3388651777
1241168129
1221437881
3368921529
3384416350
1236932702
3360526581
1213042933
3367410792
1219927144
1240160175
3387643823
3378243411
1230759763
1235466684
3382950332
1241599729
3389083377
1234591083
3382074731
3383029177
1235545529
1228988815
3376472463
3386288784
1238805136
1237653286
3385136934
1243274758
3390758406
3358709579
1211225931
3366151353
1218667705
3383188036
1235704388
3373090012
1225606364
3368552055
1221068407
1236976086
3384459734
1230705679
3378189327
1218070375
3365554023
1228545001
3376028649
1224095947
3371579595
3372442044
1224958396
3382337241
1234853593
1211295751
3358779399
3372309604
1224825956
3373556013
1226072365
1202660727
3350144375
3376465505
1228981857
3368072889
1220589241
1215223791
3362707439
3365893039
1218409391
1233082595
3380566243
1229752914
3377236562
3377845809
1230362161
1242024106
3389507754
1206295181
3353778829
3373868543
1226384895
1202721881
3350205529
3382711698
1235228050
1235157047
3382640695
1215836095
3363319743
3370475953
1222992305
3380531035
1233047387
3370169439
1222685791
1234697763
3382181411
3381594059
1234110411
1232561605
3380045253
3368688129
1221204481
3382961695
1235478047
3370131548
1222647900
3369418618
1221934970
1232406277
3379889925
3367398939
1219915291
1232189326
3379672974
1211459365
3358943013
3387745818
1240262170
3381674316
1234190668
1211296483
3358780131
1231955319
3379438967
1229289017
3376772665
3373422236
1225938588
3376713608
1229229960
1195831654
3343315302
3375422644
1227938996
1202623464
3350107112
3355273806
1207790158
3354279493
1206795845
1242534261
3390017909
1217158838
3364642486
3379320015
1231836367
3383104584
1235620936
3372363783
1224880135
3388180546
1240696898
1227681017
3375164665
1232088226
3379571874
3352654090
1205170442
3367693293
1220209645
3379080344
1231596696
3353427870
1205944222
1231922749
3379406397
1218046493
3365530141
1224825206
3372308854
3381195718
1233712070
3338972921
1191489273
3335154229
1187670581
1221038726
3368522374
1219674318
3367157966
3363458951
1215975303
3304052946
1156569298
1222282246
3369765894
1204012783
3351496431
1238603375
3386087023
3375418537
1227934889
3373227144
1225743496
1065353216
1065353216
1065353216
1065353216
1065353216
1065353216
1065353216
1065353216
1065353216
1065353216
1065353216
1065353216
1065353216
1065353216
1065353216
1065353216
1065353216
1065353216
1065353216
1065353216
1065353216
1065353216
1065353216
1065353216
1065353216
1065353216
1065353216
1065353216
1065353216
1065353216
1065353216
1065353216
1065353216
1065353216
1065353216
1065353216
1065353216
1065353216
1065353216
1065353216
1065353216
1065353216
1065353216
1065353216
1065353216
1065353216
1065353216
1065353216
1065353216
1065353216
1065353216
1065353216
1065353216
1065353216
1065353216
1065353216
1065353216
1065353216
1065353216
1065353216
1065353216
1065353216
1065353216
1065353216
3198707291
965227942
3211093645
3151403660
1139086341
3246368597
3094337811
1009590223
1102337194
1069786480
1040267683
1074049371
3194099466
984186182
3197235418
3277336201
1174492663
3293346233
3297768381
1083769884
1027303940
3297903708
955829067
967476409
1150465901
3298425663
1062900019
1134288531
1026046258
1153159852
3292159448
1121677971
3263459533
1039709452
3228530717
1110540185
3254719331
954777892
1008696584
1057810589
3145757787
1149893220
1056056487
3244694504
1008292133
1086057543
3238750122
3193895282
1108980860
3268276358
3326511057
1100646396
3276424971
3113997580
1088729005
1011843152
3299566323
3184296369
3163224590
1182197559
1027527207
3094492300
924181145
969299522
3294298449
953045318
3196216668
975108053
3203322156
1064318684
3281368192
1180418330
3194935450
3124257991
3243140490
3224297469
3231361349
1066755533
984072718
3213363509
1096229294
3125721015
3206137521
1131309600
3125851989
3318724407
3136728001
1058138899
985637027
979096194
3202752739
1093375321
1056875590
1006929347
3146587382
1039441394
3204453614
3205655786
977313189
1003167877
1099732005
3143411603
948439861
3103336748
3311816450
981067743
1099546469
985284859
1033410167
985799346
3288889413
1015855563
984092356
1050857509
3126049307
3089781135
1179113369
1108950496
3166901699
3095789706
952173763
3160929253
3089339315
3098229224
3087899486
3307723044
1137031287
1040580434
3223586567
3104085586
3166434085
1128073767
981552496
3213981376
1024199714
3104656579
3091434223
3292509107
3158897617
1011235724
1127850774
1174902742
1151622011
950112768
3278208450
3204278564
1147215335
3113411343
1096749072
3187952008
1026033650
1077101589
925417947
3071914089
997356566
3295494417
3277812477
3302191824
3262059241
1145690630
1115305913
1080814242
957124205
1134034497
3285794344
3121486467
1023135105
1175878962
3246336796
1178551164
3141228653
1002855247
1072396332
1041636789
3265327778
3274708533
1176377804
3233893529
3235534653
3172699511
3133759731
970419481
3145610900
3232335099
1024230362
3126522516
1059430179
3187450750
1068530395
3258215434
1166863521
1123245352
1175542110
3126414876
3181067218
941571625
3175479770
985993384
1061934177
1143791359
3099704876
1074382888
3233528760
3152693943
945181730
3101509320
3133625697
953995854
1019518262
3295585887
3215796564
1158726027
3227244486
3155372575
947390722
3266604821
1077607314
1044208531
1176249677
1178424514
3337286691
1079645123
3142796623
1062934167
1148945317
1072008920
1048752828
3119735999
3238464521
3187226091
3250873574
3097305742
3160697360
1086360669
3132317072
1150625086
1149188922
3267066140
959553046
1018922231
3207984585
1125867935
1124577734
3167299469
3176043992
3103347586
1069470699
3137967710
991183436
1054085385
3107364975
1070667859
3185338068
1032209846
974596768
1052395557
1043559078
1059628927
3183381279
3211980362
1075761937
3204353406
1011819869
1058281893
3200101034
1063753589
1075403722
3198154028
1065818715
3196625278
1024265431
1034207866
3220175930
3215922752
3222546420
1058436326
3208658706
3199466168
3217617064
3195655785
3211458154
3196253286
1072567496
1066092103
1065230225
3218090936
3219093898
1068077272
1072236461
3221658835
1062595224
3204896103
1037339717
3210136874
3167045422
1067492358
3198806077
1045397761
1045662594
3197269948
3186889103
1057686244
1032361087
1072270026
1074857692
1040759388
3193661943
1033936844
3180875379
3208746184
1063870949
1056900338
3211536525
3181827598
3211286129
3218797940
3214990816
1055169339
1068785090
1047482577
1032774651
1122938113
1003545494
3277697019
3239607891
1126407951
3225709270
1163887346
1094254180
3191260492
1050308616
1101637318
1149180467
3150065953
1112513792
1043421020
1111770314
3180919988
3085967272
1163570180
991811122
1157778914
945186836
3299765857
3272447853
3247060157
3309234945
979256668
3183350297
937382429
3264303443
1132879417
3271178505
3239252839
1070438383
3149009058
3167685478
1178459162
1017930255
972066762
3209968508
1074142257
977612769
918263324
1040034028
1101381078
1090506859
968116950
1115754372
1085993778
1134302600
3325578447
992168571
980612018
3182244980
3154187284
1120215283
3188776524
3289191388
3199205180
1065922647
1069346204
1082459518
3166225410
3258840168
3174511587
1143555465
1164779771
1046020943
1029615785
981564522
1044406573
3122961622
3172864741
3136072492
3285837964
1028040119
1070047291
1012448529
945081004
3207391425
1143620179
3107201279
3111530558
3267894505
3304462337
3135638691
3302091417
968464971
3310309325
3174521981
3274325490
1075971232
1146968330
3097770506
1149186025
3238481604
1141965124
3162608070
1072239062
1038142062
1051429404
3105565237
1184772810
3317029406
3129045270
949873190
3096682449
1178205004
3259004350
3094416957
3099587872
1034073941
3168560622
1093111603
3230413290
998753922
3093274270
3102174121
3099241998
3101630513
3194709391
1141483532
3191700534
3205331215
1029849177
977769343
3218312243
3103950362
948250899
3263208081
3254976946
3322410392
3110837055
935557485
3221385760
1165202898
3147951725
1009097548
1127631723
1114933288
974916171
3122351933
1083246698
3195125585
3101358732
1082370385
3320842504
1091050826
1041523911
3292959125
976237824
3232923595
3248871521
1051510473
3177205656
967591726
1070321868
1173335468
3303808641
3105824081
1112500203
3112594434
1136504752
1028868311
3250956947
1182471974
982362436
3188430830
3105106802
1113509060
1036336124
1156706392
3168504862
3312655822
3112277112
3258176459
3161111390
3217790822
1042111100
979100347
1082208616
3158291570
1166495166
3213729960
3316295665
1151549874
3301019341
1049720590
943520757
922774578
3275473824
3209880244
3158609949
970672975
1021268325
981794675
3217288971
3269939236
3163461902
3110286906
3321578986
1029695283
3204749546
1084171600
3289823587
972765858
3107048093
1027336355
1125085476
952432853
1104997267
3152687384
1174859369
1015178053
3070414241
3138987247
1177736004
3194631518
3266312439
3310678290
3099183550
1170621265
3092308362
1111828837
3129462222
3145275157
3097440772
3186923283
3096524203
3174363743
1085836495
1103340601
1093004078
3253963858
3289957621
3203211499
3181186443
1157998534
3234676798
3271892013
3268038589
3304031517
1117322916
1101218425
1059965417
3096700104
3192424232
3318503042
1029290339
984018338
3160117879
1176931895
3117620734
3327238173
3316198986
3211884495
1073937046
1050375185
1055564648
1010223126
3214694436
1067212217
1061211255
3212793692
1018059034
1061562884
3162872787
3205614765
1071792240
3213259165
1032805108
3208109347
3210467430
3206942179
1057716423
3178929603
1056685401
1060588055
3183270098
1041304630
1073682196
1070756753
3211784649
1038898609
3189079306
3207890885
1049680014
1070717927
1042108730
1068508550
1070660290
3210327176
3220758881
3214499890
3204941573
1054270149
3207967760
1050937784
1065542015
1060831381
1052613807
3203384845
1063805573
3203419628
3195973651
3172546309
3209280143
1064719530
3214587706
1051286051
3184762032
1063820614
1066189751
1066471223
1058257009
3207777181
1052576252
1054611905
3207741379
3263827219
1024499145
3155321036
3306178490
3084021964
3163781925
3163653582
3252640117
992763358
3216399515
3118436172
3267037404
1089241340
960778525
3266129757
3315776522
3235195453
1126542249
3221211180
1126489843
3303929123
1002582151
3126892472
1074597526
1033341080
3266585071
3147988244
963207105
3305712215
1053942175
3130362062
1045827581
1119179624
3049651733
1006885070
3249578537
3198129169
3216708378
3157645625
1153481711
3122201818
3209056026
1006314029
3179751652
3216075660
1009387624
959676119
986795132
1041535214
3249040836
3113274359
1114075101
3287380454
1058229951
924820456
3200716686
1107298995
3299997024
3231079467
3178857656
1120126444
3278857014
1064884879
1116105731
3316059903
972674543
1003353971
3314780426
1167420176
1097356212
973301447
1076065702
3125070711
1113549562
1110175749
1011358579
3181018458
3108025000
957025120
1012282441
3241842514
1069533062
1008027869
3298781664
3095202201
3283780332
1080013445
3087882710
3160840837
1144826279
3072020821
967073621
948670982
1111731916
3288294917
1105655744
1184339237
1071494284
996929362
1141436283
1183622011
1116193350
1116472455
1011833008
967538258
1011926808
1113669637
933599875
3149194244
3238589101
3205520644
3283190286
3084581564
1027082016
1116881283
3135943556
3237360059
965960617
1072508322
3248091683
3246469848
3206785877
3197952049
3123187730
3129526498
3189609216
3107798126
3291594578
3181976443
3281462639
3192182110
1003320066
1008575367
3272855142
1168516997
3265369271
3219045546
3163995519
3221456299
3315871694
3143335450
1032889711
1149355277
3147607682
1010289813
1124174211
3150185038
3130172189
1034821862
1143591054
1064208302
1002251131
3295772162
1050485189
1067374822
3187663631
3230387772
1066032910
3210640308
3179973385
1146600974
995328542
3324161507
1138591717
3084510472
1008777816
956719824
1008776181
3093292755
3187864460
1036428989
981946469
3092281775
3317396677
1036665104
987383848
3254964660
3187772511
3123886797
3153471137
3214590562
3123144840
927975623
3169792573
3104109721
935952437
3295158067
3297809909
3167092851
3121565726
3098424255
3204653182
3132885388
3092100166
1120683639
1115208584
3106412143
976115768
3160338375
3086084336
3183647210
3169980678
3182297190
3239791295
3127925991
1028320423
959608835
1065535528
1016302678
998380354
3100965607
1010043950
1141942506
989230111
1174258871
3234655751
3159483017
3133201641
1031744697
1157904444
3317092576
3196297207
986543907
3268460227
3125070170
966664842
1114591501
3180765789
991545208
3306543343
3094354432
3180807735
1130401829
3116018122
3130219777
3268168920
1150781116
1034286998
3247614081
3303947711
3131897940
3161972622
1124695971
1063796770
3183797218
3297935642
3202341545
3228867805
1124287121
1117248683
3256905739
1041924733
3192409577
3113499554
930918632
3145888749
3218125194
3197065918
3197123838
1064651136
1046799755
3203568160
1059672175
1066500041
1023915461
3206698587
3208601816
1069488617
1048691987
3194718371
1067260595
3215468674
1063168740
1061168980
3206359184
3178919002
1036546155
1060139968
3213958196
1051164238
3213209506
1057908314
1057025941
1038702727
3221402682
3199716982
1065483991
1053928633
3217057710
1043756837
1042364114
3208163491
3198619570
3191090883
1062496051
3197756071
1033473051
1045286821
1063437297
3209615691
3195098860
1057662676
3221761326
1057542954
3186712215
3208520084
3215470061
1049397263
3205281503
3217865696
3220123643
1031550495
3204753667
1070003384
3202493366
3184060452
3195965613
3211330094
3210320837
1065743462
3316122445
941513467
1127361078
1029855480
978456442
3234481437
1148291079
3231363824
1065978750
3145934393
3233842045
3331229963
1170840943
3123437383
3281183809
1186155739
953120213
1065762848
1047345705
3271753621
1059399846
3303766709
1060776838
3140334891
1063178963
3120471398
3205999254
943478751
3292322411
1043337398
986330986
980148112
3119730027
3159269587
3258154593
918390949
3133105568
1111544827
982276046
1095108120
3192618786
978291915
1031632098
3184602514
3221336251
3132464917
3296036344
3272135518
3324089038
1000668861
1043623394
3329508894
1144557279
3099753982
1184039688
3109768011
1169808385
3085265102
3272874237
1045397110
937578536
987253777
3146367782
3323479477
1013002206
3132814118
3176508112
3180305724
1125955449
3307604080
1119928405
3198744060
3237493975
1052062396
1109257623
3230312306
1126736510
3260400382
1126816965
3276206563
3092764912
3187592793
3077737373
3282952613
1118200552
1028418820
982805641
1065563080
1160510222
979499827
3123763478
1069037244
1145269528
1167164938
3187724457
1165081387
3308749102
1050012577
1003667938
3282843077
977272712
949162240
3199483102
3311396873
3098813185
3100567321
3292772683
3280606862
3199815691
3290590938
1073519340
1048851863
1039557281
965532141
1150050681
3096588789
3271305682
3289244164
1118832327
3129295387
3180980428
1092203684
1177513010
3225027622
1013972418
3278906147
951600022
1096368374
1152177409
3178026160
3214808542
3233085633
1031221697
1174881740
1063696331
3281656937
3192306876
3098882344
3078257826
954394698
3264284562
3258459558
1075783636
3151059147
3162775734
3208896662
3141848638
3233583148
958735565
3274853765
3136631985
950339831
1069738171
1094316273
3105059897
1099848727
1084832467
3089920318
955279718
3284908124
1072966540
1103072079
3204645899
1074284222
1002925752
1005484155
1067330544
3108017382
3204865046
3192484940
3190570072
3310590688
3107440853
1143810836
3089052479
983505196
1150008363
3329472578
1006682866
1074594548
1099468168
3107172708
3266425741
3138113300
1040907725
3221437459
1141909398
1032610373
1037980065
3204764199
1181672454
3295257548
1064182508
1009502049
1137692191
3213358317
3223226995
3153428428
977612250
3174577759
1034392943
1001942376
950083179
3131628034
3274354068
1129967339
3144286801
980049355
3188919495
3125111381
1154760593
1116471641
3206499365
936436809
3245390198
3288880905
1150233761
3303861221
3179029510
999486448
1139581232
1070911758
3102117773
3107850838
962128926
951842651
1125193705
1014380691
1163849487
3242338949
3186984278
979430247
3283042558
3298398862
3276063575
3189654507
3253036320
956371438
1045093924
960470573
1111518191
3317568057
3323730184
3284306575
1148645811
1093500011
1041576634
3132004603
3114946978
1120734109
3246103913
3253910752
1115826892
3296487473
1147340529
3244511000
1032900497
3183237799
1063495840
3200081700
1059115343
3196123927
3206969052
1054330144
3192027883
1060971172
1077734978
1043097268
1068761118
3199652929
3188876579
1052078114
3207578946
3204630207
1052070342
3221038846
3207193862
1022731614
1063427073
1051938152
3211964715
1040894217
1068984431
1069604126
1061008095
1052770798
3204508209
3214102555
3218660462
1067508286
3192937141
3194363922
1042771192
3191679468
3213703980
1066978769
1054941599
3221698066
1071571191
1057352619
3215214201
3192165369
3154900176
3206807608
3213373514
1061542251
1064971218
1060562313
1042703013
3188730313
1041427244
3207735868
3187088841
1066634212
3204278881
1063588516
3212295892
3202318985
1067309965
3205516697
