# Vitis BLAS gemv verification input
# IEEE-754 bit patterns; M*N matrix entries (row-major) then N vector entries
# cases: 0=ramp, 1=uniform-random, 2=wide-dynamic-range, 3=cancellation, 4=discriminating-0, 5=discriminating-1, 6=discriminating-2, 7=discriminating-3
# n_cases M N
8 7 128
1065353216
1073741824
1077936128
1082130432
1084227584
1086324736
1088421888
1090519040
1091567616
1092616192
1093664768
1094713344
1095761920
1096810496
1097859072
1098907648
1099431936
1099956224
1100480512
1101004800
1101529088
1102053376
1102577664
1103101952
1103626240
1104150528
1104674816
1105199104
1105723392
1106247680
1106771968
1107296256
1107558400
1107820544
1108082688
1108344832
1108606976
1108869120
1109131264
1109393408
1109655552
1109917696
1110179840
1110441984
1110704128
1110966272
1111228416
1111490560
1111752704
1112014848
1112276992
1112539136
1112801280
1113063424
1113325568
1113587712
1113849856
1114112000
1114374144
1114636288
1114898432
1115160576
1115422720
1115684864
1115815936
1115947008
1116078080
1116209152
1116340224
1116471296
1116602368
1116733440
1116864512
1116995584
1117126656
1117257728
1117388800
1117519872
1117650944
1117782016
1117913088
1118044160
1118175232
1118306304
1118437376
1118568448
1118699520
1118830592
1118961664
1119092736
1119223808
1119354880
1119485952
1119617024
1119748096
1119879168
1120010240
1120141312
1120272384
1120403456
1120534528
1120665600
1120796672
1120927744
1121058816
1121189888
1121320960
1121452032
1121583104
1121714176
1121845248
1121976320
1122107392
1122238464
1122369536
1122500608
1122631680
1122762752
1122893824
1123024896
1123155968
1123287040
1123418112
1123549184
1123680256
1123811328
1123942400
1124073472
1124139008
1124204544
1124270080
1124335616
1124401152
1124466688
1124532224
1124597760
1124663296
1124728832
1124794368
1124859904
1124925440
1124990976
1125056512
1125122048
1125187584
1125253120
1125318656
1125384192
1125449728
1125515264
1125580800
1125646336
1125711872
1125777408
1125842944
1125908480
1125974016
1126039552
1126105088
1126170624
1126236160
1126301696
1126367232
1126432768
1126498304
1126563840
1126629376
1126694912
1126760448
1126825984
1126891520
1126957056
1127022592
1127088128
1127153664
1127219200
1127284736
1127350272
1127415808
1127481344
1127546880
1127612416
1127677952
1127743488
1127809024
1127874560
1127940096
1128005632
1128071168
1128136704
1128202240
1128267776
1128333312
1128398848
1128464384
1128529920
1128595456
1128660992
1128726528
1128792064
1128857600
1128923136
1128988672
1129054208
1129119744
1129185280
1129250816
1129316352
1129381888
1129447424
1129512960
1129578496
1129644032
1129709568
1129775104
1129840640
1129906176
1129971712
1130037248
1130102784
1130168320
1130233856
1130299392
1130364928
1130430464
1130496000
1130561536
1130627072
1130692608
1130758144
1130823680
1130889216
1130954752
1131020288
1131085824
1131151360
1131216896
1131282432
1131347968
1131413504
1131479040
1131544576
1131610112
1131675648
1131741184
1131806720
1131872256
1131937792
1132003328
1132068864
1132134400
1132199936
1132265472
1132331008
1132396544
1132462080
1132494848
1132527616
1132560384
1132593152
1132625920
1132658688
1132691456
1132724224
1132756992
1132789760
1132822528
1132855296
1132888064
1132920832
1132953600
1132986368
1133019136
1133051904
1133084672
1133117440
1133150208
1133182976
1133215744
1133248512
1133281280
1133314048
1133346816
1133379584
1133412352
1133445120
1133477888
1133510656
1133543424
1133576192
1133608960
1133641728
1133674496
1133707264
1133740032
1133772800
1133805568
1133838336
1133871104
1133903872
1133936640
1133969408
1134002176
1134034944
1134067712
1134100480
1134133248
1134166016
1134198784
1134231552
1134264320
1134297088
1134329856
1134362624
1134395392
1134428160
1134460928
1134493696
1134526464
1134559232
1134592000
1134624768
1134657536
1134690304
1134723072
1134755840
1134788608
1134821376
1134854144
1134886912
1134919680
1134952448
1134985216
1135017984
1135050752
1135083520
1135116288
1135149056
1135181824
1135214592
1135247360
1135280128
1135312896
1135345664
1135378432
1135411200
1135443968
1135476736
1135509504
1135542272
1135575040
1135607808
1135640576
1135673344
1135706112
1135738880
1135771648
1135804416
1135837184
1135869952
1135902720
1135935488
1135968256
1136001024
1136033792
1136066560
1136099328
1136132096
1136164864
1136197632
1136230400
1136263168
1136295936
1136328704
1136361472
1136394240
1136427008
1136459776
1136492544
1136525312
1136558080
1136590848
1136623616
1136656384
1136689152
1136721920
1136754688
1136787456
1136820224
1136852992
1136885760
1136918528
1136951296
1136984064
1137016832
1137049600
1137082368
1137115136
1137147904
1137180672
1137213440
1137246208
1137278976
1137311744
1137344512
1137377280
1137410048
1137442816
1137475584
1137508352
1137541120
1137573888
1137606656
1137639424
1137672192
1137704960
1137737728
1137770496
1137803264
1137836032
1137868800
1137901568
1137934336
1137967104
1137999872
1138032640
1138065408
1138098176
1138130944
1138163712
1138196480
1138229248
1138262016
1138294784
1138327552
1138360320
1138393088
1138425856
1138458624
1138491392
1138524160
1138556928
1138589696
1138622464
1138655232
1138688000
1138720768
1138753536
1138786304
1138819072
1138851840
1138884608
1138917376
1138950144
1138982912
1139015680
1139048448
1139081216
1139113984
1139146752
1139179520
1139212288
1139245056
1139277824
1139310592
1139343360
1139376128
1139408896
1139441664
1139474432
1139507200
1139539968
1139572736
1139605504
1139638272
1139671040
1139703808
1139736576
1139769344
1139802112
1139834880
1139867648
1139900416
1139933184
1139965952
1139998720
1140031488
1140064256
1140097024
1140129792
1140162560
1140195328
1140228096
1140260864
1140293632
1140326400
1140359168
1140391936
1140424704
1140457472
1140490240
1140523008
1140555776
1140588544
1140621312
1140654080
1140686848
1140719616
1140752384
1140785152
1140817920
1140850688
1140867072
1140883456
1140899840
1140916224
1140932608
1140948992
1140965376
1140981760
1140998144
1141014528
1141030912
1141047296
1141063680
1141080064
1141096448
1141112832
1141129216
1141145600
1141161984
1141178368
1141194752
1141211136
1141227520
1141243904
1141260288
1141276672
1141293056
1141309440
1141325824
1141342208
1141358592
1141374976
1141391360
1141407744
1141424128
1141440512
1141456896
1141473280
1141489664
1141506048
1141522432
1141538816
1141555200
1141571584
1141587968
1141604352
1141620736
1141637120
1141653504
1141669888
1141686272
1141702656
1141719040
1141735424
1141751808
1141768192
1141784576
1141800960
1141817344
1141833728
1141850112
1141866496
1141882880
1141899264
1141915648
1141932032
1141948416
1141964800
1141981184
1141997568
1142013952
1142030336
1142046720
1142063104
1142079488
1142095872
1142112256
1142128640
1142145024
1142161408
1142177792
1142194176
1142210560
1142226944
1142243328
1142259712
1142276096
1142292480
1142308864
1142325248
1142341632
1142358016
1142374400
1142390784
1142407168
1142423552
1142439936
1142456320
1142472704
1142489088
1142505472
1142521856
1142538240
1142554624
1142571008
1142587392
1142603776
1142620160
1142636544
1142652928
1142669312
1142685696
1142702080
1142718464
1142734848
1142751232
1142767616
1142784000
1142800384
1142816768
1142833152
1142849536
1142865920
1142882304
1142898688
1142915072
1142931456
1142947840
1142964224
1142980608
1142996992
1143013376
1143029760
1143046144
1143062528
1143078912
1143095296
1143111680
1143128064
1143144448
1143160832
1143177216
1143193600
1143209984
1143226368
1143242752
1143259136
1143275520
1143291904
1143308288
1143324672
1143341056
1143357440
1143373824
1143390208
1143406592
1143422976
1143439360
1143455744
1143472128
1143488512
1143504896
1143521280
1143537664
1143554048
1143570432
1143586816
1143603200
1143619584
1143635968
1143652352
1143668736
1143685120
1143701504
1143717888
1143734272
1143750656
1143767040
1143783424
1143799808
1143816192
1143832576
1143848960
1143865344
1143881728
1143898112
1143914496
1143930880
1143947264
1143963648
1143980032
1143996416
1144012800
1144029184
1144045568
1144061952
1144078336
1144094720
1144111104
1144127488
1144143872
1144160256
1144176640
1144193024
1144209408
1144225792
1144242176
1144258560
1144274944
1144291328
1144307712
1144324096
1144340480
1144356864
1144373248
1144389632
1144406016
1144422400
1144438784
1144455168
1144471552
1144487936
1144504320
1144520704
1144537088
1144553472
1144569856
1144586240
1144602624
1144619008
1144635392
1144651776
1144668160
1144684544
1144700928
1144717312
1144733696
1144750080
1144766464
1144782848
1144799232
1144815616
1144832000
1144848384
1144864768
1144881152
1144897536
1144913920
1144930304
1144946688
1144963072
1144979456
1144995840
1145012224
1145028608
1145044992
1145061376
1145077760
1145094144
1145110528
1145126912
1145143296
1145159680
1145176064
1145192448
1145208832
1145225216
1145241600
1145257984
1145274368
1145290752
1145307136
1145323520
1145339904
1145356288
1145372672
1145389056
1145405440
1145421824
1145438208
1145454592
1145470976
1145487360
1145503744
1145520128
1145536512
1145552896
1145569280
1145585664
1145602048
1145618432
1145634816
1145651200
1145667584
1145683968
1145700352
1145716736
1145733120
1145749504
1145765888
1145782272
1145798656
1145815040
1145831424
1145847808
1145864192
1145880576
1145896960
1145913344
1145929728
1145946112
1145962496
1145978880
1145995264
1146011648
1146028032
1146044416
1146060800
1146077184
1146093568
1146109952
1146126336
1146142720
1146159104
1146175488
1146191872
1146208256
1146224640
1146241024
1146257408
1146273792
1146290176
1146306560
1146322944
1146339328
1146355712
1146372096
1146388480
1146404864
1146421248
1146437632
1146454016
1146470400
1146486784
1146503168
1146519552
1146535936
1146552320
1146568704
1146585088
1146601472
1146617856
1146634240
1146650624
1146667008
1146683392
1146699776
1146716160
1146732544
1146748928
1146765312
1146781696
1146798080
1146814464
1146830848
1146847232
1146863616
1146880000
1146896384
1146912768
1146929152
1146945536
1146961920
1146978304
1146994688
1147011072
1147027456
1147043840
1147060224
1147076608
1147092992
1147109376
1147125760
1147142144
1065353216
1056964608
1051372203
1048576000
1045220557
1042983595
1041385765
1040187392
1038323257
1036831949
1035611788
1034594987
1033734617
1032997157
1032358025
1031798784
1030811889
1029934649
1029149750
1028443341
1027804209
1027223180
1026692675
1026206379
1025758986
1025346009
1024963622
1024608549
1024277963
1023969417
1023680776
1023410176
1022901776
1022423281
1021972129
1021546041
1021142985
1020761142
1020398881
1020054733
1019727372
1019415601
1019118330
1018834572
1018563425
1018304067
1018055745
1017817771
1017589509
1017370378
1017159841
1016957401
1016762600
1016575014
1016394249
1016219941
1016051748
1015889355
1015732467
1015580809
1015434122
1015292168
1015154721
1015021568
1014763457
1014513168
1014270349
1014034673
1013805828
1013583521
1013367476
1013157433
1012953144
1012754377
1012560910
1012372534
1012189051
1012010273
1011836021
1011666125
1011500424
1011338764
1011181000
1011026993
1010876609
1010729722
1010586212
1010445964
1010308867
1010174817
1010043713
1009915459
1009789963
1009667137
1009546898
1009429163
1009313855
1009200901
1009090229
1008981770
1008875459
1008771233
1008669030
1008568793
1008470465
1008373992
1008279322
1008186406
1008095194
1008005641
1007917702
1007831333
1007746492
1007663140
1007581237
1007500747
1007421633
1007343859
1007267393
1007192201
1007118251
1007045514
1006973960
1006903560
1006834287
1006766113
1006699012
1006632960
1054795086
1065000749
1047150574
1057393720
1056577909
1050146793
1054196641
1064020615
1061841275
1017655654
1055358314
1062504515
1063269946
1064057847
1060422243
1056709062
1031993488
1046366677
1044295826
1059316570
1052719152
1054321029
1062263259
1062994113
1062837115
982997692
1050378738
1063125507
1035966267
1051802153
1041404876
1058899296
1064602428
1063768650
1036069175
1052392007
1035468113
1051681401
1062087764
1050107115
1061266664
1050734384
1031069729
1065092791
1064044178
1062680893
1049285018
1064634716
1044837834
1059561687
1044808510
1041740112
1062106201
1044229775
1060924892
1063712240
1044880115
1061258523
1052429907
1054773886
1064485810
1050113854
1057676941
1049056205
1057104675
1041972786
1041711594
1045911379
1057429991
1041371158
1061555279
1064687297
1040585611
1049055333
1061802370
1055636230
1049419020
1064776948
1040717515
1063887562
1040774223
1054753559
1061785033
1056969671
1057569589
1056929927
1004931184
1061329702
1040404544
1061989245
1062394073
1031547634
1049310606
1051917036
1065303008
1049718414
1063485467
1051943528
1049916149
1064134209
1057448729
1058180923
1028335489
1049647891
1056136034
1048584063
1046316959
1061962273
1043761303
1031149299
1053457622
1059437784
1056209032
1054927786
1043523607
1052382294
1041015941
1059125899
1064237942
1042772126
1055077978
1059976193
1065158250
1042092768
1062818574
1041789559
1043436153
1060187450
1064428102
1050653186
1026115514
1042954476
1064616055
1051849964
1048150482
1058312550
1061324832
1049064349
1033406302
1051791730
1062730405
1047112533
1054201005
1063458913
1038671591
1020843640
1026922794
1050374126
1048966026
1060615136
1058477334
1064297884
1059549844
1054490999
1060464858
1049150989
1054437466
1025172921
1064528693
1062768053
1038737746
1055670583
1061689868
1052154267
1054966364
1041034662
1054659096
1055487263
1057106122
1052827175
1031139387
1026470959
1052493418
1062920219
1064784050
1056064320
1031992222
1028553185
1061960255
1054935405
1059069819
1043224749
1048742024
1065203542
1057477156
1028098463
1029142336
1064367683
1053035911
1042052358
1035246154
1042312490
1056721507
1036729747
1057710410
1051451627
1064653723
1065342749
1064107139
1064494155
1051971196
1023380662
1063162699
1054369696
1056376428
1064184321
1060133759
1062637068
1064960351
1057710045
1057524539
1053882205
1048920856
1047583408
1058981806
1046430026
1046236160
1063100929
1052188017
1057336035
1054185498
1053273899
1057821570
1059468086
1049148421
1063425012
1060103059
1056558274
1053988131
1061984759
1052270722
1056310116
1030436195
1064059812
1050946842
1063533571
1031212687
1059800944
1063659087
1061716954
1057868522
1063527283
1063452329
1061235020
1049191262
1058410905
1061175499
1041156037
1063680154
1048790587
1057913917
1055911780
1051935279
1051377590
1060097145
1064959998
1038989121
1063600918
1049162482
1061003986
1042831810
1061669107
1065310884
1026588203
1050617448
1063284988
1064711648
1054584275
1028123275
1060305912
1061279111
1062919838
1043901503
1063391432
1060399801
1053720506
1034334527
1065140210
1052371809
1063817495
1028262296
1061305491
1040013850
1050468623
1060426152
1055347952
1060375067
1057792421
1058710703
1039075810
1064879662
1057861933
1059411520
1052486204
1048857028
1047677778
1021400158
1015291161
1063856787
1062717968
1062178807
1051889262
1059889240
1045051090
1020732727
1062416445
1026814549
1064932721
1057259509
1052668662
1062276572
1064611984
1040031000
1061692051
1060407980
1064944154
1046108060
1061444967
1060961850
1037729447
1063503379
1037355875
1056219918
1048406047
1061072451
1024584595
1061140752
1049143266
1057619199
1049640164
1065319127
1051442853
1059363458
1018728067
1034245854
1063684570
1004267341
1045606649
1061557354
1036958511
1064804894
1057173598
1053097302
1051262428
1038646219
1063147278
1032081296
1061604454
1062214645
1038007543
1052966103
1057497389
1050062306
1043936358
1054577226
1061559092
1027923966
1027925242
1065293454
1061895661
1064691716
1065078234
1038658518
1031296723
1065247975
1056110797
1021382300
1041436005
1007205983
1059206652
1050622902
1052450389
1052099564
1061575843
1057015482
1056227384
1042297234
1061883912
1064293084
1050938892
1061783361
1037515080
1063753130
1064314340
1057990209
1055821701
1064995429
1057255094
1035639288
1062844057
1062291735
1060960104
1063980324
1058628829
1061816516
1051911764
1064164734
1060697558
1065313224
1061917682
1061953568
1047554753
1061907168
1044434921
1060806289
1056188935
1052910495
1047869347
1041001164
1064505050
1049716850
1046675690
1033415605
1063013283
1044874538
1032676302
1062209277
1051351891
1058967612
1049862009
1063564048
1051620913
1050372148
1031574148
1054191475
1051580350
1059276418
1063142527
1015331587
1061612979
1063407852
1056295463
1065217588
1053368740
1056771528
1062451186
1054528682
1056435194
1043825965
1059337550
1064457802
1055479364
1061563183
1057115819
1061821586
1063052876
1054537572
1050272805
1033742303
1063727365
1022420346
1054145821
1053921023
1055768945
1003692647
1058640285
1043971132
1048165140
1043213547
1058867440
1064431905
1045178879
1061887220
1064445925
1044598423
1055046596
1048139916
1056127092
1040535210
1061065241
1046348830
1062481006
1045768237
1056110645
1029518151
1049210049
1061906854
1058844621
1059147455
1049286978
1050773727
1042702403
1060089729
1052166296
1060459436
1057121201
1046203759
1056471491
1060748561
1065195729
1052784766
1048277650
1063105077
1033109673
1049794724
1058861752
1063618975
1064884222
1054627227
1047037130
1049619593
1059019337
1041745307
1060737319
1065333789
1047389440
1059076298
1060682249
1060065134
1062175511
1061201917
1049242674
1049218327
1040326557
1025815338
1054114033
1043021715
1061422844
1051401298
1027968142
1057751317
1016225846
1055434884
1020992153
1059303080
1040638269
1052418831
1060565061
1049723738
1062531794
1057243495
1056661799
1058909633
1064753253
1037205407
1057474800
1042883441
1063323045
1056674463
1057638566
1059426179
1051219701
1064137406
1039691048
1054153916
1057506421
1059940034
1061988256
1050328114
1034377807
1058274893
1059861055
1060047038
1065298495
1059735162
1063945299
1048149948
1037081567
1064639104
1065003083
1062575496
1037499903
1062294410
1064535267
1048691226
1054171681
1052634420
1057013751
1056194044
1060962978
1042297286
1045525530
1062564288
1064767077
1038752893
1046930621
1053036274
1057660431
1031266376
1057241589
1062883286
1000255530
1036297157
1047252559
1062328697
1054938511
1046893418
1051694765
1062457282
1058952997
1060112198
1065183679
1040463035
1046952284
1057767058
1040688740
1045391553
1062274486
1063717597
1051296552
1053116949
1050940515
1060480924
1061720904
1061281044
1051643839
1052052774
1059157758
1060505355
1046491705
1061030543
1058029670
1062982741
1028352087
1049589777
1063720832
1062490876
1059795376
1063657973
1062531155
1060879222
1058374807
1064316960
1065031679
1049445269
1054640179
1048587589
1043015154
1041886132
1063900769
1060632452
1061444736
1062386972
1045335230
1045929621
1057753502
1060527581
1057207510
1064501725
1048525236
1059689514
1063463741
1064616412
1027873007
1035960191
1045682823
1059251576
1065004589
1057638511
1063507048
1036924602
1063275269
1054437896
1062266580
1040243232
1059743422
1055392590
1025089479
1032849839
1055960610
1057955225
1063225879
1057744612
1043839707
1047290687
1063661859
1047332702
1059063847
1063607845
1058945491
1064836867
1050196248
1053777508
1042597931
1052033395
1038957466
1057704698
1063605811
1062023337
1049464614
1053429176
1024499267
1063946949
1061111078
1038787338
1061654311
1061842124
1049894971
1064878720
1052781017
1061784914
1044042955
1059369775
1062450012
1053594131
1062794160
1050739086
1063287901
1057172423
1043512489
1062693174
1051454228
984201523
1062546290
1057315717
1059714643
1057055186
1065343106
1057294033
1057427587
1061634309
1055976633
1041293744
1049868277
1040119716
1054953400
1065305572
1037007215
1055571225
1061710265
1056358042
1064433077
1058804583
1063076927
1050168719
1052564942
1050771392
1049337002
1038751608
1057328175
1054277336
1063463191
1046671056
1051408501
1004817776
1061984685
1065030825
1059617082
1031845361
1048957049
1051372043
1045268575
1017230682
1053543434
1055889364
1061261258
1058780697
1060379238
1043683707
1035503315
1061530238
1061514429
1060575991
1057185665
1060477956
1060787722
1059379853
1053531322
1016518002
1063779273
1059361866
1050604598
1050420384
1054325810
1063651310
1064676089
1059119282
1052183355
1061212087
1060084152
1055707585
1058927430
1060112715
1060616947
1027637535
1055525587
1039441201
1051794928
1060295950
1064365047
1033523218
1055390486
1046582194
1057703285
1040707746
1053784351
1049238986
1029218946
1061862951
1058276997
1063540477
1056914052
1049692287
1061671252
1065126571
1061336811
1060944487
1055051002
1057825344
1060251738
1058491231
1057084967
1032486690
1059112618
1059331611
1061185314
1047783996
1050944886
1060014255
1059461151
1042528310
1049476693
1055551692
1047823103
1060268935
1058170909
1034290068
1017584375
1056361226
1055551736
1063343929
1027827778
1056579818
1063864744
1064278634
1050814456
1040036152
1063875459
1056061040
1056661831
1058632534
1061163416
1055061009
1017396079
1044996966
1010652501
1058106954
1056313156
1054185347
1057620793
1030658176
1055010981
1052171203
1052355038
1055755256
1057850060
1053404839
1064054244
1060979320
1062726057
1047261303
1065044149
1032337930
1062144548
1060207587
1051065369
1034016759
1044796689
1054978796
1046071538
1036485841
1061204891
1054116791
1049311505
1044962006
1054871611
1052390115
1062199377
1046684140
1059651132
1061110792
1017768129
1041026689
1062540565
1037330019
1061711162
1052736050
1055752899
1060383619
1023699157
1050895820
1045866383
1045042975
1038800608
1054584869
1053801579
1060360614
1043991525
1048228126
1055859497
1048921387
1052383510
1063387175
1058471547
1062869352
1061284865
1059880705
1049407417
1064135817
1051768881
1047812350
1060017413
1047277631
1055104161
1059022443
1047077731
1057520032
1051343681
1038031235
1050519886
1061143630
1035848684
1058775036
1057940532
1062996073
1059886037
1039205747
1045957504
1050212129
1049680676
1058544551
1063570528
1061503343
1063867801
1059414479
1064144534
1063980736
1062412353
1053618245
1025159663
1023238138
1041734548
1058948756
1059044639
1061780753
1060700483
1037400544
1044079964
1050018745
1055368747
1055822709
1053716287
1036419390
1059357375
1053574864
1035574994
1061524428
1059423446
1034031221
1065305856
1059098459
1050402999
1061104665
1061117327
1051343742
1047366385
1064947230
1048751500
1050336015
1065033830
1047296819
1050631094
1055907544
1037375200
1057100118
1057502803
1061918185
1011813833
1059863060
1046289032
1055805346
1053786269
1057193008
1047152334
1063302598
1059727678
1049411056
1057585931
1024841591
1043681129
1044281421
1037822341
1060658928
1062423877
1063023233
1049530855
1050830068
1046337763
1059325859
1064153674
1063767368
1060977376
1017490805
1060151706
1058101562
1063705109
1040916279
1060416225
1058712731
1060260475
1057064339
1058951646
1059409307
1064285093
1049577500
1062306961
1057451359
1063703400
1061255737
1063576332
1059681195
1039593944
1047947671
1051816426
1063022758
1037949667
1061025034
1064091314
1053215454
1042492387
1062160443
1064707635
1055814752
1051346771
3277837639
1176313581
1035142832
1157851834
3378626937
1134982431
1194260923
1177354990
1167588684
3210710751
1009795165
993150045
3358176204
3350134977
3279658848
3096473348
3203272153
928901680
3326228915
987009896
3324442444
914951890
1070001216
3138483124
3034369924
3090490475
3120259069
3299350292
3185828429
888085227
1166328012
3332701537
3196648424
3264493042
3220539772
1040042137
3079267463
3070555323
970966130
979038948
3160212202
1177587091
3199316294
3261100635
3233756121
3155644803
3098407855
3345606940
3117989077
932501476
1092001316
947391966
897920651
3133308700
1035108130
1199555078
3045429646
3367835763
3367774745
3173363294
1110813926
897902733
3141502776
1028018073
3238638340
3037184809
3303831213
886398576
3174440286
1044245025
1144808668
3044348915
3133453522
1116323150
980115417
1234314145
3372254778
3355029599
888595191
3155233280
977434914
3142007962
3183243941
1234751714
3326764366
1098315278
3240458793
1007792201
3261628058
919668258
988915169
971388807
1143913037
3246600259
3324521810
943155410
3075269619
991466267
1064159561
1121072401
1011263510
1165921431
1151119766
1205618087
830114454
3140394825
3226980180
1009475098
3162650410
3324030887
929364847
3215169870
3292629754
3368045591
1176437459
1066677189
1151675081
3076792560
1066713050
3046521516
1154516970
1238520323
1194525273
3104182601
3342862499
3367569164
1216517672
3062118417
923480026
3209748957
3211575350
890473378
1052574093
3087581509
1072167753
3071292986
3215523476
1119764217
1115738792
1065950359
3048529169
3267096501
3098662055
951145395
3341564521
1157351032
3360580230
1040984735
3343808156
3033640152
3304768806
3189659327
1202350319
3347295224
957861360
887807774
3281044853
3076242961
947700343
3062316974
941128681
3176871634
1113413403
1225666057
3248996334
3041540700
3042955165
3080744813
907023861
3380934206
1156656262
3032465788
1055288686
3354954595
1117324941
3274907281
3350453417
3110915464
1096215783
1033265361
1160775622
3269291230
899645778
3385950763
998601724
3040312507
3355320346
965509412
3382515582
3125121875
996667254
911842620
1236143334
3187276743
1170587741
1171092487
3132052062
3120713302
975348251
1118317578
3326649445
1144462015
914155520
1036370435
3240687285
896383318
886488257
3217517620
1007590503
3324642869
1035055232
1195821302
1198474506
1036916262
3239566754
1161927255
1224907891
895917448
954471875
3129106998
983217297
3275305236
3042375552
1126280050
3289585438
1203937449
1142890886
1099010932
1165838161
1076532600
1062874914
3045155342
3125410888
3264198598
3154597480
3208962786
957631906
1070991238
1166271225
3330886852
3218029280
1208279251
3383463743
1214640418
905467530
858115522
3228522210
3111476672
1151102323
1062000443
1139000860
3322604378
3318630425
904116629
1090141399
3146634504
3371093908
3270604859
3232939736
3361073999
3064440570
1237656216
3155438183
3340530279
3074857024
883220306
1096060330
3100422836
1044642088
1238004175
1054599384
956776857
3217535616
3239099327
3384598371
1026344084
1197151348
3070369098
1002599715
3383829400
929074436
1215176310
3214508689
3217912920
989920793
3150856072
3170161415
3165209314
3171322566
3349052348
3004343121
985704550
3163322925
3191694355
1004729843
3039064470
3382112438
3046174183
927841904
3346252251
1158102482
3335086284
1216949229
1194843124
3117500607
979269168
3164027826
3106718855
875581535
3315282686
1139726085
3357436266
3241287668
907079694
1200731759
1010936680
3133828026
3203249406
3243871444
3377418472
3382682108
891926721
3280250500
3234130201
3225328962
3213882708
3303439694
3219614021
3149443851
920118389
875131700
3202487396
1199269496
3265101237
3034338306
3375975208
3169376342
3125865983
1067170759
1118764783
3136326899
1145018282
3122432162
1070142739
1193606948
1008363534
1080803094
1234879781
3356071556
3146895646
3274349837
1146391950
3107031112
1090131479
3126297009
3179327031
1155224944
1073558368
3150367979
1220509270
892233433
3227534021
1065047010
3123008866
963007480
3314683884
3216460248
3294516339
857103391
956735033
3255853775
928918749
3175080776
3197336826
3077061974
1119117472
1141153669
3120284993
1058966983
890066134
933130077
1127100148
3062358262
3189773690
3302378171
3069395187
914226583
1039760374
1163131176
3386649613
1074388652
3246737970
3154789692
3340656157
3045123320
3352703592
3072612639
995250260
3387516281
933235601
3214308683
3342451540
1035747635
1090545736
1131266933
1194507187
1015345688
1073798195
3106922803
1189937229
3390871079
3082598078
974436564
3283015718
900415762
924225335
1065456150
1230593816
1010587729
3317029690
953668086
1183706662
3106579972
1172590489
3255746011
3197747313
3156181471
900907766
943235610
3235716973
1228796213
1134624932
898215470
3094857266
932843158
952950601
1059966475
3346260604
1124860331
3349309469
1041503206
1241539389
1082651447
985053161
938795928
3187944898
1212183321
1122060398
1211252703
950368765
1093805543
3187111198
3272071367
3355802413
3296740339
1218548438
1208022846
957028348
1000717408
1122502491
1099844904
952573669
1032759610
928316375
3289102541
3244442065
1099867982
879031473
3067568231
3214921600
3241212141
3218721846
3128509922
3241346492
3079332656
889218066
1184438448
934221146
3364225767
3187682518
3045371734
933580891
3041767271
3147515425
3205589685
3132703334
1228117347
896285401
3023274668
3273598262
1133439994
917712808
1128176032
1027943850
1069311914
3117959704
3037690180
901566444
3192875773
1090952372
1152450587
3225614388
881219461
3319189309
1175569310
3363503973
1201450828
1000143589
1000680362
3140507954
3345316586
3192321642
1080334930
3390287766
3314391260
999859612
3385249266
3096217880
959368590
1149329615
3353723745
3116891004
1108268405
3103920755
1236129216
1190782874
3209384092
3318065305
882425703
914518763
1210287764
957884520
3084852459
3241541970
3372268486
3256548398
3246797188
3307191841
3098067030
1030871614
3352550930
3381282760
1128765886
956657953
1208151227
1013210795
3048354135
1009858164
1194564568
3145838116
3206060771
3157297047
3159503950
1049146905
1014342821
3229427527
3105605577
944596102
3124313715
3319791097
1141912682
3043529195
1143305870
1022377707
1035040161
1126395049
3316903982
901322306
3070358817
1203951248
3277075237
3183439326
896782714
1048855564
968745951
3248333728
1226120147
1232083587
3229928437
3043634039
1110855791
982487881
3189858962
932089323
1226853827
1095256287
3215291519
999949964
3172740334
1033123655
1057666106
957926390
957417497
3039434380
1095256353
1225889945
1065108408
1213935494
1005821368
928337900
3348751623
1044138556
3350499500
3285787891
876712196
986199521
1040562129
1036482726
3050647048
3138406949
1121565330
952084293
1037053737
1057439723
967369110
1091761594
1208010088
1142325413
941599433
3072059858
3236613824
3280900615
3039435638
1068782049
894359293
1112219033
896866219
3300474992
887016948
1210466036
1157722454
1239700004
3029970003
1025527129
3034230697
1187432178
3184967426
1150478415
1074801610
1117533866
985787820
3348872244
3072522775
3245893187
1002745774
1017545777
3136232670
3305355648
3123349264
3185903855
1237536100
1149486334
3295873922
3369269808
3069185950
3156654100
1017452371
3033680208
1209190836
3215423909
1204811029
1209471131
904851230
1012446653
1030705773
1143795642
3299245645
1141693459
1038603515
3351727109
3271763178
1127339488
3346643078
1218144908
1117605479
891613859
989697887
932519465
3064655022
1108335272
3053087498
3035565835
3053676397
3278510491
3216761986
1085572823
978069551
1077414214
956686004
3053192692
3330855342
3347801616
3335412825
1059997311
3111472523
1208703566
1156061386
1005606579
1027885207
3080027031
893291472
3079381106
3125511462
3289128744
3109688324
1200110578
1108436180
917399415
3210625668
1068891946
3243212921
1208137974
884037385
958420328
984176173
956764597
3136221449
984351079
946143884
3323410895
1203229913
3358476066
1032618369
955968109
3104031475
1043453624
928931397
3270578357
3215738177
1119780387
3318688510
898682189
3262501054
1166721716
3281796561
3347374603
3208053816
3183126466
1166733536
1186468655
1116894691
1218058198
888697761
1093077414
3318207771
948316643
1234512535
1078407760
1057940785
1218374345
1171704923
922932055
3337852470
3240918672
1048688051
1183996633
3067360079
1042085604
3067294961
3331627202
1212042516
1235398169
883666766
3379871263
3165442740
1175093505
932595497
3380498672
1126880242
1014665162
3296584769
3104252653
3244842889
3373791095
3266323282
1218413980
948462131
1042315075
3321076529
3134804207
899357672
3124006465
3284662466
3117142810
3243428938
906108695
990697282
1228312096
3127368375
940664569
1168366930
3120751769
1123295204
3273034651
3198996278
1091801821
1145624694
1204861697
1028011259
3272911746
971103714
1174409330
3297257000
1012179874
1102598540
3373495477
908134114
925895695
1058569794
922383065
3338674107
3216934110
1198699297
3217447895
1230133314
3115260836
1115801465
1136737444
1210448207
1044267557
1187151065
1154492032
3334039685
1140007105
3206906900
936146584
3216531947
1194944705
1205184456
3281385561
1144705745
1232594095
1077848587
3065764488
971709600
1047005115
3215045730
957136211
3160225530
927287220
3133802950
1115131883
1021756223
3164798927
1154344332
3198228310
3215599820
1242982968
3260564862
3240950026
1110507870
1026347724
3291900786
1185283912
3221705627
3211717284
1195324408
3087465508
3290905757
978734394
923732798
3069683626
1142633716
1187723632
1084312717
3334306939
1065624847
949574033
1066908270
1151065407
3187705056
976125303
1164026883
3108385062
1123414657
3087031552
902062769
1121807973
917885950
3156090482
915314644
3179544215
3352798036
971013788
3157988442
1123954480
3099859178
1101267095
1085760882
1166371534
972133615
3046949605
1099850444
3316021816
1091924043
3182497559
1054916211
1051302327
3169947506
3219213057
3215030264
1059353293
3209248888
3198671022
1061918541
1052941403
3194577761
3188045987
1058101467
3213467005
1064020330
1048717784
3202992099
1067562470
1041190873
1061824527
3206270873
1076155142
1066004917
1040620462
3214116125
1070313444
1059964519
1075779043
1064444829
1051927084
3204777958
1065746351
1061867572
3214582202
1055626140
1069217407
3194662581
1066476192
3205210340
1016367053
1046460842
3172743221
3178085332
3185662797
1067440907
3181048583
1073783204
3216001526
3197257056
1057112766
3215712410
1058891601
3205601574
1063387640
3198647599
1065861860
1025977974
1053767571
3204940854
1052764779
3213457581
3221241116
1071371126
1065411525
3215900018
1045157744
1049381769
1056059512
3207115137
3193331699
3211050015
3194721533
1041276067
3199906648
3191126664
1050312508
3216784150
3201778698
1073676120
1073253387
3209808510
3198454379
1043779453
3221662672
1059456528
3214084368
1068103190
3206691970
1070034079
3217574968
1034949950
1042588019
1058526511
3184325578
1045549458
1062896442
3207287067
3197418074
1028253189
3207372932
3169540150
3202455338
3183964466
1047463971
1036638196
3216342500
3176165162
1066365005
1035665615
3208882900
1049233603
3200897620
3183252837
1065027853
1065828674
3213631005
1071335723
1060890385
1075479608
3225138556
3221741569
3205461897
1031851957
3201966491
1068710593
1054142148
1046150877
1050770082
1242571392
3390055040
3379115126
1231631478
3375367940
1227884292
3368353067
1220869419
1235180154
3382663802
3373514356
1226030708
3373324183
1225840535
1225956045
3373439693
3373474228
1225990580
1218699539
3366183187
1229188303
3376671951
1232951950
3380435598
1229754766
3377238414
3384199091
1236715443
1230664702
3378148350
1238305882
3385789530
3368394382
1220910734
1208662916
3356146564
1233633754
3381117402
1197321514
3344805162
1225336353
3372820001
1211659972
3359143620
1219173578
3366657226
1234581906
3382065554
1229862932
3377346580
3393224565
1245740917
3377658542
1230174894
3357406809
1209923161
3352107694
1204624046
1228811263
3376294911
3376437005
1228953357
1223961759
3371445407
3373907189
1226423541
1228987829
3376471477
3375400340
1227916692
3384477302
1236993654
3369601071
1222117423
1226829884
3374313532
3377398708
1229915060
3361292269
1213808621
3390729690
1243246042
1205580497
3353064145
1241545807
3389029455
3368662236
1221178588
1223523209
3371006857
3375076889
1227593241
3361493807
1214010159
1229956067
3377439715
3373331483
1225847835
1221545401
3369029049
1235493887
3382977535
1226260897
3373744545
1225129546
3372613194
3316620668
1169137020
1227357316
3374840964
3379732989
1232249341
3363112865
1215629217
3385420821
1237937173
1209282836
3356766484
3384683197
1237199549
1237478793
3384962441
3385687402
1238203754
3381112138
1233628490
3377553165
1230069517
1228422924
3375906572
3364624715
1217141067
1241614557
3389098205
1215777538
3363261186
3363889895
1216406247
1237463151
3384946799
1233219468
3380703116
3380718549
1233234901
3375237916
1227754268
1213217536
3360701184
1206700497
3354184145
3368318950
1220835302
1229852368
3377336016
3372887571
1225403923
3392688970
1245205322
1235665555
3383149203
1221781976
3369265624
1223433364
3370917012
3353243974
1205760326
1234721987
3382205635
3379698956
1232215308
3324685484
1177201836
3366007587
1218523939
3365565355
1218081707
1200563021
3348046669
3358822443
1211338795
1216844706
3364328354
1227627757
3375111405
3390388156
1242904508
3367527714
1220044066
3386040335
1238556687
3354162727
1206679079
3382220925
1234737277
1201715811
3349199459
1241627457
3389111105
3374603037
1227119389
3386103622
1238619974
1233325145
3380808793
3373807483
1226323835
1234129161
3381612809
3367893086
1220409438
3366393058
1218909410
3377032626
1229548978
1228909628
3376393276
3381676860
1234193212
3378835071
1231351423
3380150404
1232666756
1234547711
3382031359
3390530925
1243047277
1192079919
3339563567
1236853749
3384337397
3378955925
1231472277
1234016291
3381499939
3383005723
1235522075
3351744143
1204260495
3388366137
1240882489
1225080652
3372564300
3379506648
1232023000
1220227120
3367710768
3358048961
1210565313
1233145885
3380629533
1237712881
3385196529
3385583324
1238099676
3388467420
1240983772
1235102185
3382585833
1195043543
3342527191
1227340809
3374824457
3375599516
1228115868
3340924172
1193440524
3372500665
1225017017
1238666650
3386150298
3382349402
1234865754
3361675092
1214191444
3315434676
1167951028
1226860239
3374343887
1233382029
3380865677
3382485828
1235002180
1233790430
3381274078
1218695342
3366178990
1215790523
3363274171
1232243784
3379727432
3376277657
1228794009
1236396186
3383879834
3356904181
1209420533
1209272649
3356756297
1224077003
3371560651
3382854691
1235371043
3377318947
1229835299
1222354317
3369837965
3387824086
1240340438
1230324365
3377808013
1229654262
3377137910
3389191242
1241707594
1236462718
3383946366
3358232226
1210748578
3385699259
1238215611
1209522163
3357005811
1225065811
3372549459
3383529473
1236045825
1229004627
3376488275
3363216176
1215732528
3372259648
1224776000
3371497978
1224014330
1233892233
3381375881
3376820671
1229337023
1202016724
3349500372
1239026418
3386510066
3378278396
1230794748
1226878113
3374361761
1224819145
3372302793
3292115118
1144631470
3333604103
1186120455
3385895447
1238411799
1219577021
3367060669
1223996667
3371480315
1240181801
3387665449
3372772396
1225288748
3374104739
1226621091
1226288914
3373772562
1209270312
3356753960
3374599626
1227115978
3385860141
1238376493
3282878396
1135394748
1237834550
3385318198
3377943970
1230460322
1228482578
3375966226
1221435830
3368919478
1236467881
3383951529
3363192592
1215708944
1236095010
3383578658
3372498489
1225014841
3372603509
1225119861
3375967276
1228483628
3367886604
1220402956
1162692210
3310175858
1236672142
3384155790
1228810571
3376294219
3364497148
1217013500
3383991082
1236507434
3367778453
1220294805
3377806136
1230322488
3382205767
1234722119
1214166848
3361650496
3363961591
1216477943
1234884280
3382367928
3358872745
1211389097
1226276710
3373760358
3370998975
1223515327
1229575051
3377058699
1226032899
3373516547
1205187687
3352671335
1233269805
3380753453
1223507721
3370991369
1201692601
3349176249
1230951373
3378435021
3353294678
1205811030
3363193310
1215709662
1239025492
3386509140
3384641309
1237157661
1188063730
3335547378
1232028436
3379512084
3373478324
1225994676
1201472621
3348956269
1238158495
3385642143
3363065552
1215581904
3387013954
1239530306
1217597030
3365080678
1219391049
3366874697
1235317719
3382801367
1236354184
3383837832
1222781428
3370265076
1236642585
3384126233
1233651137
3381134785
1186334906
3333818554
3377233341
1229749693
3358993842
1211510194
3349860829
1202377181
3340218755
1192735107
3382189377
1234705729
3390304357
1242820709
3390868288
1243384640
3370393845
1222910197
1234360567
3381844215
1224357024
3371840672
1229017833
3376501481
3368848246
1221364598
3378446517
1230962869
3376521240
1229037592
1217678594
3365162242
1218168241
3365651889
3382052446
1234568798
3352522058
1205038410
1201289195
3348772843
3356624540
1209140892
1231907982
3379391630
3380204789
1232721141
3383056546
1235572898
1224952999
3372436647
1226034081
3373517729
1229143772
3376627420
1225323937
3372807585
3373531580
1226047932
1223559591
3371043239
3372826184
1225342536
3380933558
1233449910
1212811782
3360295430
1230002418
3377486066
1236642178
3384125826
3380960423
1233476775
3379276792
1231793144
1204440033
3351923681
3382012705
1234529057
1217826076
3365309724
1234434634
3381918282
3381331260
1233847612
3367646243
1220162595
3389223856
1241740208
3379196452
1231712804
1241706043
3389189691
3381049847
1233566199
3379548019
1232064371
1233267474
3380751122
3385221198
1237737550
1233081354
3380565002
1211238759
3358722407
1232193038
3379676686
3380115823
1232632175
3369556377
1222072729
1228787614
3376271262
3356862849
1209379201
3378775720
1231292072
3369744153
1222260505
3373241235
1225757587
1242844716
3390328364
1225493201
3372976849
1231670254
3379153902
1181737069
3329220717
3383038810
1235555162
1213747542
3361231190
1209053825
3356537473
3357520470
1210036822
3369626109
1222142461
3367260198
1219776550
1208552650
3356036298
3388882688
1241399040
1230081892
3377565540
3358726660
1211243012
1238413646
3385897294
1236206606
3383690254
1206712108
3354195756
1239983688
3387467336
3382688053
1235204405
3375757151
1228273503
3372577327
1225093679
1232984792
3380468440
1231252700
3378736348
3355251696
1207768048
3332166022
1184682374
3374652177
1227168529
1191942403
3339426051
1198931802
3346415450
1221530907
3369014555
3378310578
1230826930
1226690667
3374174315
1238354030
3385837678
1227787124
3375270772
1223969489
3371453137
1222028873
3369512521
1225638602
3373122250
3373104521
1225620873
1223512796
3370996444
1226180778
3373664426
3333995981
1186512333
3353344483
1205860835
3370124092
1222640444
3384042708
1236559060
3379403723
1231920075
1226029101
3373512749
1238308393
3385792041
3375295450
1227811802
3382042249
1234558601
1233130144
3380613792
1225278308
3372761956
3381464407
1233980759
3375759281
1228275633
1230245845
3377729493
3343560376
1196076728
3323259949
1175776301
1183861459
3331345107
1241569148
3389052796
1202548495
3350032143
3365095803
1217612155
3382544447
1235060799
3383756766
1236273118
3390062490
1242578842
1234376864
3381860512
3389126466
1241642818
1239225995
3386709643
1220885069
3368368717
1209282561
3356766209
1217153568
3364637216
1234069851
3381553499
3379370632
1231886984
1226130862
3373614510
1208201748
3355685396
3372738709
1225255061
3358167269
1210683621
1224883655
3372367303
3377472622
1229988974
1236166814
3383650462
3366752548
1219268900
1212096990
3359580638
3373857411
1226373763
3374289961
1226806313
1236183425
3383667073
1244939697
3392423345
3345941153
1198457505
3384598945
1237115297
1220287057
3367770705
3358468502
1210984854
3376836846
1229353198
1221513030
3368996678
3386819993
1239336345
3379038762
1231555114
1232800419
3380284067
1222799266
3370282914
1233677845
3381161493
3374657115
1227173467
1231802197
3379285845
1171701800
3319185448
3368455897
1220972249
1212202636
3359686284
1208578621
3356062269
1240040054
3387523702
1231090896
3378574544
1230717324
3378200972
1226289546
3373773194
1206875789
3354359437
1210587293
3358070941
3381409356
1233925708
3368328998
1220845350
3318769700
1171286052
3384578236
1237094588
1227245824
3374729472
1205005485
3352489133
3380509798
1233026150
3375535237
1228051589
3383035283
1235551635
3381534373
1234050725
1241989278
3389472926
3380620355
1233136707
3382702015
1235218367
3377284187
1229800539
3377335163
1229851515
3377959649
1230476001
3371544840
1224061192
1243801742
3391285390
3361729068
1214245420
1235154987
3382638635
1212552479
3360036127
1228205044
3375688692
3380331706
1232848058
1226584696
3374068344
3366783337
1219299689
1233664040
3381147688
1242968234
3390451882
1234703172
3382186820
3350045354
1202561706
1238780415
3386264063
3375861348
1228377700
1234548044
3382031692
1237396431
3384880079
3354146010
1206662362
1203609453
3351093101
3361030108
1213546460
1176710907
3324194555
3382344433
1234860785
1209991021
3357474669
3374063454
1226579806
1216899613
3364383261
3367199800
1219716152
3360072439
1212588791
3376680203
1229196555
1229950219
3377433867
1065353216
1065353216
1065353216
1065353216
1065353216
1065353216
1065353216
1065353216
1065353216
1065353216
1065353216
1065353216
1065353216
1065353216
1065353216
1065353216
1065353216
1065353216
1065353216
1065353216
1065353216
1065353216
1065353216
1065353216
1065353216
1065353216
1065353216
1065353216
1065353216
1065353216
1065353216
1065353216
1065353216
1065353216
1065353216
1065353216
1065353216
1065353216
1065353216
1065353216
1065353216
1065353216
1065353216
1065353216
1065353216
1065353216
1065353216
1065353216
1065353216
1065353216
1065353216
1065353216
1065353216
1065353216
1065353216
1065353216
1065353216
1065353216
1065353216
1065353216
1065353216
1065353216
1065353216
1065353216
1065353216
1065353216
1065353216
1065353216
1065353216
1065353216
1065353216
1065353216
1065353216
1065353216
1065353216
1065353216
1065353216
1065353216
1065353216
1065353216
1065353216
1065353216
1065353216
1065353216
1065353216
1065353216
1065353216
1065353216
1065353216
1065353216
1065353216
1065353216
1065353216
1065353216
1065353216
1065353216
1065353216
1065353216
1065353216
1065353216
1065353216
1065353216
1065353216
1065353216
1065353216
1065353216
1065353216
1065353216
1065353216
1065353216
1065353216
1065353216
1065353216
1065353216
1065353216
1065353216
1065353216
1065353216
1065353216
1065353216
1065353216
1065353216
1065353216
1065353216
1065353216
1065353216
1065353216
1065353216
3319693064
1029763115
3306243834
3276830836
3105701312
3120737660
3115638274
1075860212
982344251
1050505011
3148435031
3193566718
3109771564
3210998469
3102070336
3178995482
3129145478
3285701408
1073128496
3162817591
1092093461
1014820887
3188220848
991777063
1176393183
3275243534
1067796595
3324535821
3098640902
1176218922
3137931066
1188365422
3119495137
3269583462
3202972467
1096599883
3126613948
1003715423
3212379132
1155423068
1143487924
986725764
3256635299
3159251755
1142696173
974295471
1016115551
3250969085
959592598
3201651040
1066409940
3108265802
3245622824
3175595711
3268096653
1088576978
3186058878
3163266179
3326359128
3259252833
3290728877
3116671324
1138734796
3266848285
942780023
973152939
1050801949
3302178243
1129827341
3324704890
1175537798
1062885258
3148948423
3209431786
3157377946
984552478
1085772480
3167687870
3277531840
914270515
3187017743
1124139199
1002252583
3068296348
973357813
3266967681
1140995702
3230525604
952629715
3194689040
3241982698
3164444600
1131671560
949403186
3302251785
3197992347
1040829102
3290195345
3222260036
1031609135
1136873087
3209515455
1115981252
3164775265
3115858468
3238568788
1169571740
3157848798
978806203
1041148150
3163319408
3183671372
1047875865
1052518936
1136211641
988581517
1102542826
1148118922
1038494918
1015537827
3154623908
3129066174
3280753089
3153097705
1033038454
1066922068
3308228614
3099095075
3298353627
1151237580
954533169
958588803
3165825029
3171934058
3178845652
988761177
1067167348
3247306078
1045457854
3099968476
3232864920
1128666237
929775938
3197626163
1088680069
3323625342
3117927187
3128278608
950899610
981831956
1031577686
3150362270
1065066288
1031527747
1141974138
3158830885
3152171319
3113185650
3168729975
3296848381
3084360408
3135852174
3108088911
994130167
3160454422
3210963297
1069924017
3150542466
3247685828
1096787927
1016046070
3187051630
3274476604
1061394974
1068074033
979366465
3317704559
1044373562
3293166087
984077818
3161111188
3221490084
3234593685
3164199088
3154190031
1137311161
1104049460
1112321687
3293762349
1091111852
1008676125
962553865
965986146
1095498090
932006215
3259592865
1021938842
1083424322
3093887487
1004884719
3070997847
3274037319
3322730398
1177007245
3101781386
937874225
1182931361
1021341188
3159816671
1117079085
982182176
3190364148
937504423
3108462110
3161462219
1070083629
988810639
3104057329
3200152452
3304875598
947844585
1035769359
1015692832
1095168707
3305808606
1068836555
973646209
997362201
1069919000
3158244736
3206562390
1092656596
1128603479
1102667740
3124942040
1064688421
951590993
3257229040
3200147696
3085677789
1004030910
1148872419
3155803424
981450020
3112412153
1144789407
921935239
3142877972
1037547397
3094625920
3188142468
1093517113
945850417
3243857416
3199603883
1126038235
1050729393
3161637063
3300591850
3216929791
3161762762
3201310614
982030681
3179209303
3089747384
3115438263
3240770483
3292399662
3130529463
1149718893
913413121
975652955
3089914267
948611406
1123679130
3299682415
3114351191
3187515510
3179063898
1018879300
3321259607
3269809707
966370915
980521737
1058542500
3133420755
967585105
1160623400
1170749886
1099696988
1066709768
3217765539
1089079686
1170337660
3158606326
3078536027
1147066938
3178223596
3275143130
1117575279
3316552295
1032143875
3272741601
3287267676
1090804695
3033703263
3239209334
3241495435
3089315457
3218529286
954082006
1150336867
1088740503
1162153122
960161004
1186206919
3230292489
3154399454
1025224238
1008461813
937709577
3086261108
3199978689
1113633519
3198227461
1107219635
3289277760
1067104808
3203217856
3125198897
3214623391
1031726366
1096723558
1141726810
981906282
3108346595
1001497109
1028007697
3133924578
1019058977
1114774207
3247548993
1134162866
3194061154
3263368205
3257754974
3271323970
1030888904
3065201010
3171197344
1057225666
1147756835
1132662152
3213275965
925791559
3222107305
981006814
1012866851
1135215375
3316390671
3240119587
3092049790
1091315519
1144285245
1095280972
1039656396
1108075879
984414233
1059454402
1177357256
1104018985
1148596703
3266755977
1015566975
991535843
1156701840
1036017282
3232448481
3203550136
3318095726
3147168999
1158896529
1081522781
3146811130
1012877195
3325688319
1026980427
3175077105
1042487970
1059527464
3207896689
3125521622
980348575
1010019859
1186536471
964371907
976677492
1011698596
3153651508
1106742073
3265167358
1032043620
1056936868
1007460684
3294840897
1144930791
1158720803
3256644289
993545366
1133949981
3138819989
3190050464
3171213242
3264622269
3279977481
1144745601
3263656000
1036003004
1182084947
1033308709
3319758350
3161890987
1070866346
1147097883
1125962604
1179760861
1159147904
3266914929
3300219009
3254619498
3318182511
1064851404
1027539508
971297102
3292009366
3192636955
3320512889
949561613
937270340
3231552732
982653668
3264256617
3254448671
3099647262
980279995
3283221172
1053261811
1172455963
996066315
3139559149
999409020
1094362867
1051547676
3318121341
1124160036
1062640431
1170446010
3115825035
1167170971
3124151119
3181645759
1123774998
1052466684
3148517975
950750966
1077253395
3214345816
1186154584
3253356950
1126284916
1119487671
1108725033
1158672772
3252424753
1042054662
3299464160
1177624118
3155383547
3082990446
948914582
1066381422
3103695159
3134663671
3152715172
982303654
3209729301
3179991392
3299852110
969303913
1141943287
3130233935
962879417
1132154872
3274200529
1176491318
3212194289
3288186720
1012932226
3129182915
940206187
3156527486
3184188217
1179698702
3243026663
957314075
1155976380
1171751794
969322793
3201168111
3241840222
953240011
3244130402
957190622
1179252326
3208409943
1064477273
988473304
975124701
3292010925
3088822252
3223886533
1065751541
3221256773
3265530184
999804083
3110174326
1091916980
3256737685
1031870077
1079124509
3205991423
1169589401
1085995243
3092394428
1116132907
3213054047
1083993049
3118256296
3121847535
3301285674
978151568
1151687382
3293009734
1100797554
3130413169
1078132458
3267320872
961190879
954145338
3262864616
1159267207
3104743798
3130547555
3195372806
3324411990
1025418077
3308728964
3073964245
3206203405
3266733903
3246650489
3128963519
3130758168
1154254237
1066556721
3257792242
3285797358
3289212617
937057660
3105207999
3098295509
3247007437
3187277261
3245435838
3260546556
3159364274
1154006136
3063674670
3214343365
1134196651
1156020616
3158073949
1087584616
959890130
1000019392
1025371779
1012550429
1040810339
3098979203
3136719878
1032372393
982320130
3172315527
1168020365
3100710141
1118164219
3266144051
3259941432
3216512154
3160692733
3167392885
1074607633
1037080680
1007674558
1008330289
1070427610
3196736914
3199388648
3104375252
3185317726
1119211573
3253725950
3180756658
3228428814
3165274147
1170289784
996159661
1020986736
964873853
3313406060
960594860
1007410640
3090675906
3310391922
1113665008
953287987
3314423411
1032102349
3126218050
3307256216
3270472251
1033310948
1154026920
949399198
1170757872
1062701507
981614852
3098599276
1017917599
992154702
3185358831
1099902482
1004050015
3285565761
1121641589
3157927713
1047301907
3264507609
3189214583
3126563384
3096622007
1161148596
1175295125
3263930809
3095455756
1040240472
1075672905
1115921693
1028265089
3277824380
3210423921
1065898511
3189775954
3149344626
1038640247
943735387
989197854
1126814973
1005674739
1058705860
3201801959
3315167325
1032742844
1001651485
1101008563
1093206200
1099750992
3270339117
3133781777
997756899
1175993146
1028616162
3238579181
1150521299
3190085020
3288623188
3095670901
935256274
1024539709
3319158118
1174738209
3154063928
1174141199
3184780120
3125145849
3265705892
1151547369
1106210237
3175729858
3189070899
1050344798
990481646
3114927629
3316359751
3328762917
3166383050
3189444429
3325224926
3286518742
1149467891
955291804
1007056604
1063418617
1156937555
3265303558
1103476209
1051580324
3164387178
3242753889
1144260162
1001784178
973162543
1176197739
3212426446
3245379130
1108332274
3177384805
965622847
1127143694
3151220457
1149690971
3130416512
1153699737
3154135153
3192341865
1100181462
1068918514
1119276270
3231137279
900568341
1174520144
954731928
1091846259
3205222479
1101959856
1127039257
3263461805
1136944368
3287537006
3302639975
990350119
1083556891
933298861
930497976
950113189
1109912150
3292934617
1085241851
3239374163
3254316006
3156598639
3103011594
3103543122
3310272762
3150299709
1149455084
3326771769
1014861806
3189994016
1154127882
3092373679
957297239
3099417539
1055739540
982799164
3272740735
3242282389
1034816379
935140568
1135674891
1059045286
3152706940
3328844455
933670382
3092913533
3139035707
957712255
977641358
1166092565
3221461673
3079195760
959553146
1059412954
3264885371
3294087019
1014901539
1108750728
1026298776
3152814422
3088326272
3159924508
987749154
3203717692
3158522988
3148461953
1145687865
3192154945
960196335
988915042
1014886327
3161703825
1109407480
3104855268
978598102
3119557920
3098119540
3272275820
1024455846
3174466404
3232040432
3316026164
950582011
3300921232
1119987559
3204539581
1063518694
3291335385
1135753966
3110176980
1140241238
3333101727
3331781822
3247286948
3310403913
3253436027
1025235009
1007440526
1093017045
3313817087
3188907714
3206775849
3315844449
951531210
3089823298
1150213812
3319564176
3231015574
1119407312
1012989450
3155431032
990503570
3248169034
3186812421
1096683917
3130647093
1093310366
965661495
3244726956
3238036549
1034415114
1058439460
1089245391
3167961990
1011019621
1083665954
1180801812
1132095014
3330537599
3190684555
3074061142
967534987
3118747797
3121725592
3165755582
1092675339
3115087507
946949234
3266263949
977128006
3313229756
1065181090
3154143330
3214474808
1123127163
1110936686
3105746148
1069527123
1019321662
1016076316
3236180635
3161185884
1124638710
3183169207
1012205008
1141223373
3287460031
3198386426
1060587213
3198878867
1063782524
1070249158
1052934974
1067112901
3204525882
1074595969
3173153427
3204808303
3215888986
1056835774
3201909364
1031386999
3211469089
3169919886
1071932178
1061383396
3188815833
3217299755
3195117813
3206579404
3208274715
1053705708
3175243900
1062255825
3213717700
1071499220
3209618059
1061613501
3211517307
3193265508
1060721774
1063229673
1077402649
1067898597
1065890877
1058625586
3209821554
1064272445
1074564659
1071102263
1035553334
3222095139
3209314248
3196931582
3224439040
1061443641
1043812609
1052106489
1068335993
1058107627
1074290320
1050256852
1072309630
1069327129
1044389266
3194796233
3197919487
1066093764
3194561470
1055312476
1031921376
1059159549
1066633021
3208678252
3207442704
1050246108
3202238859
3190600440
1044400073
3204734796
3198971791
1067327682
3215564018
3207339697
1061606501
3212263050
1028334805
3200578083
1072168188
1066334758
3216713853
3183761310
3209226553
3191853122
3202363715
3206721438
1062707505
3205001538
3211143676
3221971544
3210627174
1063449657
3217240041
1058483474
1010125674
3198244265
1056448106
3221587939
1057922398
3213666201
1046863910
1067089102
1060623676
1067362274
1072970978
3214457532
3186326518
1054081287
3194043057
3181843233
3205250513
1066800282
3214214825
3220135611
1050455404
3204893886
3213443776
1056213207
1076413222
3215168971
3208905535
3169374673
3215596554
1055498682
1067974527
3296813746
954051210
928496379
1002752504
3297143512
1060261846
3173560125
3189708074
3214358251
1153308153
3151190248
3088431137
3113006922
3239818669
1157018750
956951647
995229891
1060988473
3265734059
3224461179
1048952202
982349805
3230517935
3316947901
3136571426
3129298374
1075548461
971966094
3133279280
1179914875
3274662068
1183923905
3165088293
980065264
936426983
1182354330
3219567467
3310893796
1037446555
3205819879
1080263641
3113003684
970672035
3186982686
3300999531
3314236822
3260032682
1009464244
952767749
3288254602
3200857217
3178546201
1113193445
3098699008
1145411172
1174818435
996273930
934773872
1085309518
1164891664
1058214104
3236245977
1019786096
3187081896
3331478955
3161459849
3166397968
1132499364
3104487061
1180124329
984687458
3246722910
3181530983
3231109688
3283347771
3152026637
3304665566
3231692947
1055280506
1147439842
3261016046
946789029
3275306242
3078804139
1086451655
1077439950
931812984
3306918119
3090523435
1146176682
995227142
3212509536
3316900389
3282791573
1087866814
3136014614
3245228504
1107581743
1000489214
981471863
1102997206
3322799755
3250305518
1057624311
3302403724
3208602339
1009449364
949242593
1015796552
1018131541
3217185392
3205730622
1150983946
915862406
3155448807
3163922242
3195609573
1087860084
1138550094
3273578867
3267627434
1168914221
1013576317
3150742304
1009236520
1116503451
3287810192
937775774
3265106503
3091166422
1114603067
3217735178
3179052837
988424635
985088939
925025198
1185490527
927639704
3316031744
1097056839
3265988439
1099341404
1048311082
3097029560
3288659960
3116794150
1120874793
3317914361
3163078857
1156557865
934981375
1082785620
1053526790
3272581984
3099904302
3190830850
3176281328
3205037877
3213727943
1048903437
1170085712
3082426404
1077304595
3150304309
992375098
1163476504
1100796997
1173763903
1062872739
3322726461
3192546573
1099827965
3258202854
3296777465
3317591354
958266159
3186619375
1120292148
1147541893
3269227472
980886027
1042621808
998817089
931962389
3186181078
3135475017
1090790180
1039642908
1010485257
989190761
1072033772
3154794041
1174852940
952820879
3282704323
1175256042
1143955374
1025443505
990783862
1151021724
3151227891
1000926923
1066765152
3152167237
1116947012
928455123
952589588
3124677329
3188592920
3252460893
1162869502
3326510582
1028604527
3098267758
3264598935
1183022970
3131774087
983292324
3093915224
1097697062
955094035
3057112033
1054275070
3247740050
3324829485
3208080470
1026832208
3209874082
1118755592
982018810
1009809333
1149981843
3148361824
3096016480
3266308090
986195335
3287031963
943921519
3099284116
3328310731
3158379066
947391001
3239829066
993000312
1062268861
975709591
3158522223
1062017142
998473652
1092567925
3153425693
3237313748
1054049634
1004451354
1099863672
3211289051
3141719762
1099370500
3179971613
3252175093
1171059189
1121155560
1057871646
3188674336
1139103648
3110346025
3296176803
3241916182
1124772595
3255575066
1177847426
1137652446
1138803921
3304575059
934449498
3213004163
3321761571
1135124429
975478353
3231097283
3100271467
3238014229
1092551371
1132998533
1144147042
3137770429
3277127217
1150760410
3100563634
1174845458
3161627736
953163471
1183227734
3208038726
1135643505
939676634
3222292993
3158734172
1050710829
3181431548
3288508523
3263651482
3300677551
3246737344
1171492982
3127734699
3323788246
3101410369
1046677651
3106071739
1176537576
3265221365
1110045290
3275675831
1134859612
3169576810
3221877740
3294990151
1091051062
3241716026
3176236890
1024276037
1043722153
1176401404
1044102176
3191893550
3186669492
989045994
980030412
1182797800
1012233047
3130078601
1115869000
3259097906
1164426014
3115918132
3198197272
998025836
971608954
1055488028
1107677297
1176111661
3324264093
1183101117
1109153064
1092099687
1158879718
1018047706
948676345
3303314327
1123426782
1095223450
983724500
944181367
988204524
1124732989
1154699286
977722091
3331648854
1008139785
1069869669
1166407362
1098742247
1116165958
1057881873
3216679218
1175180481
3264245063
3309161127
1041040017
3232211900
3257172489
3160048551
1117429081
3126472600
952694090
3305615050
1011084321
3155180576
990390769
3122730263
3175409482
1044076815
1092297149
1067629817
3233957607
1183540407
1073999821
3263817173
1067978678
3240732872
1081565426
979922418
3322940036
3112470129
1014173662
991380508
1065793865
944042742
1138947296
3247143929
1003283502
3326878792
3152415587
1106979395
1166962872
3107962666
3133078108
1118686562
959034235
3130553052
983730659
3287018088
1035803364
945472782
1035373210
3241408264
1019403200
3156086703
3270352967
1093100113
970959309
3149135460
3257079744
3190068035
3213664975
1162535584
3233073573
1151116357
3100125696
932340606
1035565364
3232073721
3214703217
1112896062
968189998
3180231218
3253488022
3100973977
961087633
1002348211
3175698251
1119110090
1155171199
1173536414
950824227
1016158244
3273444504
3215469013
1115506306
3094636795
998124301
3313847148
1174623414
3282714994
1172729781
3247782939
3267708187
1019335591
3129254317
1144048287
954356491
949624217
1026502074
3248719793
3223809680
1171985603
3276801062
3326181886
3301751924
1179475250
1009702062
964300874
3323026730
1115719896
3271966884
1092521974
3213628358
3265651212
923427868
3242219131
1068259986
971304189
1127886855
1116255873
3211436520
1128704755
1172526611
1076712131
3148971680
1039411909
3294819223
1058496527
1182062956
3166290857
1141238379
3220453027
3250184747
1028339144
3127717888
1092193767
3250234450
985751677
3123362200
1002794787
1115730270
3288307642
945916780
3093793856
3139551027
3284116159
1139119421
3107980134
3093231341
3182678470
955047996
3318071856
1037921751
1147069349
1135523203
3277213124
958855811
3297043731
3073368569
1085689640
1028506317
983656930
1014195286
3296410132
1099157709
939755137
1151789534
1074404144
1100282924
3228359209
3300020798
3250438347
3213450163
1070212216
3088900129
951513896
3213021400
3094670909
1067598018
996882144
1006568480
3207899021
1102125501
1106163121
3282363176
1004251143
3093211737
981775210
1087601861
1159583258
1090026928
3326999814
3221118148
1170350232
1125909417
3145834551
3103711435
1141794710
1067351194
1176794218
3282195974
1183295474
3118305884
1099728349
1080588727
1120591546
3097195586
1092815283
999469315
3291532062
1137131289
1090948420
3318297614
3130672756
3130244765
3096058302
974521065
3305570302
1099545463
3175412012
1038310392
3315149453
3149367585
975286722
3128525380
3297778262
1149404568
3245074432
1048454576
1075669513
3322790037
3163593964
957058674
1113004036
3313529770
978155955
1073545609
3271687181
3093481957
3086715494
992526916
1057935351
1037904689
958002782
3194488859
3216151563
1039491628
1065387338
1143287087
3231880107
3211475842
3183493045
1100965271
1035177305
1040621954
3282252382
3257912965
1073345638
3222749933
3123474515
3270788016
947193122
3294757710
990624929
1082070388
1094668365
3153686882
1142722339
3131539419
3311717372
3129368066
3323992994
3123874555
3124181462
1042555331
3147571113
1180192543
3088863950
3320639179
3288580603
3244455331
1094939206
1075577404
1184044639
3288285087
3271063449
1156035801
1121542478
1169944789
997943423
1151505067
1091983867
1150291417
3097804393
3187363829
1076835675
1113791084
1032901025
3279457442
1127091895
1015713993
1169421532
3166604589
1066538766
1035550780
3160226752
1062895128
3240979520
3300016179
3163063114
1166574481
1053331365
1144970453
1025205465
3122633281
1025327812
1093075321
1171372140
1126988454
962102424
3181835238
1117080072
3212253232
3254355881
3107720816
1057142420
1148889919
3200162138
3173730431
3199690761
1055395022
1054582530
1117284736
3135147887
3164836564
3300175749
990681258
1151703061
3207034313
3244333882
3314387804
1044330703
3051878968
3325507147
3265329040
3214698879
1011829311
3324724236
1082869425
3104945206
1021747893
3256802786
1150560485
976123770
1096958667
3192143511
982613952
1123525105
987857483
982420558
1117494135
3225200505
3124748726
1045356443
981638019
3278567052
981398125
1010132102
930045360
3271240208
3224349096
3139163388
1124512476
1178676444
1176166941
983317039
1062807274
1044153876
970168123
1006152193
3234534685
1042229769
962443013
3322925857
3208550231
3099640140
3291875711
1025092335
1142709124
3253125642
1148037826
1066032143
1150031592
3188075495
1038300576
1065919663
1089422463
3181881899
1061349392
959964354
3301391225
959794029
3120814959
1003636722
973599047
1151408411
3189554244
1126359225
3231799109
3183704463
3213281159
959413056
3124423303
1016124491
3267276167
3192256240
918473788
3130771988
3297413850
1135608052
1108505802
939475886
3118869091
3122983365
1004329154
3212019225
3181853579
3250488196
1002640340
952300722
3210952900
3116856446
3170204701
935270913
1143288313
3156907974
3204706480
3244067256
1120276485
3226703476
3210752671
3091218809
999265093
982872653
1058051524
1010540154
985495296
962487593
3194333935
3183188812
1029764270
3247601881
988107008
3147574557
3299066741
3187017615
3299642241
3274645992
3226112180
1088172677
1052304110
1158329224
3118535738
1032353256
1116034840
1122485901
1060275148
1019606529
3160082945
3212735788
3070074921
1177218486
3238915932
1186903830
3180749638
1139016983
3188803450
3284545481
1049711850
1065314571
3147374184
1184652128
3216232140
3135421973
3212847435
3297520048
1179866528
3303565840
3187906490
988362421
3247700050
3229315328
3230269278
3277568285
1030702336
3298127456
1073649747
1037655594
3240544678
3129844290
3271841564
944110055
3163607638
1147414339
1100006755
3298120047
1080743404
3104336087
3192700936
947208606
1108553012
3235870045
1094635418
3101278925
3132192671
3205032253
3154255466
3290593874
1009072555
1169205671
3330774540
1033589424
3157864040
1061057078
948954276
3261307151
3160504559
1117283292
3218918133
3285869638
3298114216
3190894505
1059546648
1073907778
1067352264
3174846354
1034936171
3214315833
3183621263
1065294379
1068491778
3184700564
1059105228
3219706408
3222208029
1059066963
3203487179
3198301681
1053790765
3203284912
1075168790
3158554670
3207610048
1055899212
1066668495
3186203128
1020421950
3188123090
1059822906
1066278925
3207932896
1076739862
1059048072
3206459407
3204904150
3219565598
3208233229
1064590893
3203208545
1051435736
3209236171
1067006209
3189048906
3215514700
3200007978
1057527558
3197795409
3209524964
1066927923
3189523918
1054410772
1067385450
3210899617
1061011150
1058300080
3210529533
3206499695
3216727025
1059394843
1056354208
1047921674
3207924071
3212990388
1072976233
1035857846
1070477151
3211036817
3221178026
3194511396
1066137128
1049495510
1068948644
1063340974
3173066927
3188668024
1057428530
3210304500
1065214844
1041523414
3218493482
1068905678
1064105712
3200249312
3186741215
1062998384
1065019067
1053123192
1061775471
3207519945
1027959458
3181266600
1056439415
1046008642
3199476944
3220563399
3214823118
3220430611
3217345056
3176804646
3224464130
3215252760
3119668270
1065823624
3214641315
1039889043
1036141589
3202594667
3216089669
3180633872
3210540302
3205476570
3197430108
3184522593
3210433158
3209587507
1037162580
3219663272
1071693409
1018322890
3196800740
3211126933
3211700852
1057907543
3215911524
3216205084
1052459984
3190783539
3211640077
3216443007
1006827407
1106652525
1165720990
998833948
3086427116
3107413210
1085607396
3179926465
979820935
978260612
3088788145
1016221890
1059246825
1093953439
1046126274
3178363395
988669169
1006443281
1034176558
3242908237
3333197446
1026554424
958118798
959028733
1166951317
3159805535
3242690579
1125405066
3191134461
1112284150
926452100
3331536031
3160342019
3074570442
1180735181
3105104376
3181026708
3097721630
1066505271
979304905
1038333365
1130699080
1050004880
3117906194
3279564697
964030129
3173780324
3164545537
1116090370
1090589758
1128327314
3147102288
1169337467
3097992292
3168351375
3266866780
1160924169
3196861916
3258693200
1172292208
3188411490
3165014540
3298074432
921093337
1028116631
1090457503
3316599582
917181230
1120678629
966477003
3272302502
3182727075
1013099155
937927803
3260171015
3169814397
3254963257
3178593180
3255680220
3261229797
917287812
3172739441
1099038534
1138986243
3118623067
3129869661
3239964842
1037649635
3317280391
1040655971
3215236030
3324144571
3207955118
1167179135
940595335
3172533170
3241032593
3111802368
3181549665
1040660469
3203241865
3151762749
993803813
931763382
3289850431
1033195583
991210400
3287184009
1031237226
3131309425
3330874749
1017890274
3136649715
1143948516
3133578944
1005920721
956649899
958599570
1050111068
1008547858
3251252809
1102706393
3316369846
3261728326
3170844546
1108392283
1038184374
1124371728
997514611
1149534283
949796500
3063163748
1130976474
956609965
3254981715
1035361714
3239970383
3164797169
1042993020
3214403325
3116085116
1014655683
1075146003
3089458263
3212505889
3205322129
3128417679
3166018716
3159065053
3210043832
3328138318
3144661891
3095679197
3208200271
3212964258
3282176804
3189166071
3217138264
1175882271
3132697347
3164043649
1005703040
1140996771
3168159701
3137862420
3104007878
962614656
1065316378
3243668985
3205503856
1133185306
3107572248
1065207992
3272290051
982595975
3290053108
1036884878
1114893571
1102474304
1044756951
3177766942
3183673577
3180337992
3220275644
1012985475
3300660276
1145159145
969648346
3070344100
3130883242
3154779455
1177639411
1051230089
3198731064
3087611549
3232534076
1174529886
3207894078
1091775028
3226641245
949358537
3271924981
3245304760
3120709747
950741105
3119766118
919765510
3300779473
3211106686
1038581180
3106797540
984493679
3105574038
3184511292
1082711342
1085064386
1093395735
3112029278
3321982862
942529630
3183089696
3185832288
3245812534
1073484117
3291019164
3159102473
1037563912
958430712
3199462167
1190532550
1112658950
1032936273
1006661955
1132201698
3157222526
1090244664
3182812319
991063519
1054179318
949821517
3243238070
882769616
3177817880
929087687
953921301
1018262388
1035128828
3188590877
3154491210
1004623255
1048944139
3290100033
1058710898
1158496388
1153082349
3238453738
973980289
1095149437
3209029201
1061307206
3323344345
1073522703
3132313628
3335478421
1172700700
3123376337
1109692578
1055976703
975561840
1177599305
1164378833
1068276025
1125451129
1039403483
3295053799
3222407224
944795568
984468087
3271305593
977568490
3162605805
3165767766
1155566100
3251607003
1038288214
3233025177
3161619761
3227071547
3314351494
956041357
1035495414
3162592679
1071906437
3271938960
1037237104
1068853285
1113153695
3247340243
937614978
1057138142
957258024
3294048231
1175709424
1116462235
3257701488
1106615169
3240474918
1166264108
3095333859
1100401937
3318858615
3194131603
3183591571
3161309793
1071909619
940561444
3304865383
3130090409
3134934972
958993506
3235587162
1130110477
3192111447
3327544700
1010008476
3127437890
3224298903
3235480550
959280246
1154039481
1036386516
3104135025
3291644944
3295615981
1020160244
1126176585
1060444260
3226219532
960488309
1066963056
3203320351
964316702
3129511017
1004269506
3098124039
3106325670
3105135755
966334770
3150957106
3220028459
1013829631
1180460621
3272495442
1119315584
1049586575
1049061154
3085304703
1169167226
3224154493
1175742946
1001439343
3164626453
1050048374
1091526516
1016827750
3221323886
3330977783
3095014623
940509340
990786208
3215154641
1065585406
998563357
3239457692
3215978329
1049827298
1124938732
3115770703
3188737822
3243986429
3099760514
936151155
1030847665
1076145278
3134072146
1143300565
3223276213
1025889311
3189297952
3106571100
1163859919
3161626878
3158474031
1008077815
954848305
3215831115
3209029227
1046804871
1116824859
3068488850
3129988750
983419344
1103127025
1121275731
3179112226
3270536023
3304286970
3106452147
3096126490
1115843454
1125893878
3125073342
3200392287
3269559103
3140395500
1068224391
3181427569
1126916346
3267382290
3213093105
1051184276
3289994819
3072669191
3128532235
1027008213
1037598688
3099094525
1178952794
3152145108
3268026569
3162129620
1183524650
3088417330
3231993295
944429096
3242046925
1074254406
953597402
1146802861
3094251860
970935241
3159971574
1045504976
969088727
1090126507
1123520884
3185581268
1117205387
1023477478
3191527172
1009390225
3111711304
3231272904
1014535635
980302964
3122701906
3170406400
3103934059
3152741731
1071122626
3291395215
1149458249
3207047739
3232669540
987182647
3273387927
976125573
1148832992
3119493732
1098491793
3238192391
1015556120
3231953091
997769567
3266867567
3129734937
3109366574
3224323442
3271833097
953635459
3281679094
1108963538
1101432323
926029512
3244305224
3321247771
3132548844
1005233111
3200299834
943732862
1166971685
1126088541
1062097882
3221894721
1090547025
1040464262
3216481666
3173370857
1099887188
1071527863
3255758388
3266428744
3105933442
3084694505
1132969715
1032441239
3179922394
953442911
1100209639
1127469714
3103739289
3324747069
3321610859
3284903816
3304121125
3157490832
984477914
1061137118
3125682464
1171277682
1086810486
1184989739
3215640560
1090305371
1032953388
974668089
3302019643
1082938536
943414308
3077847976
1044125633
1131015619
3076505225
3266583110
3103176855
1159413803
3094206590
3102625381
3179398362
3205210140
3209156139
3303885619
1087369419
1019489204
1038343168
3147409988
950281175
3127425758
1099997841
951453187
3113702622
1117087825
1148998197
3154002974
3219406655
1008522642
1100414670
1094027813
1175366087
3078509410
3161509930
1043762103
986377189
1166244231
1099661984
982747971
3099995780
3289149538
1111755496
1050281626
1095159026
3095737982
1061285301
1133210371
3185476055
3105512340
3099703817
3086798076
3315673031
1069793238
952004649
1086128178
1099569966
1116896370
3117785848
3106532400
3179209167
3321568957
3302241636
3235658290
1179371671
3130202138
3252741817
3230188082
3312200865
3262030066
1118835793
1103520843
3129385188
3075176330
3238554856
3189871948
1133787204
984754516
3078626016
3305231686
1014771012
3248632684
3093525517
996909818
3275579445
1066157185
3188211335
3240193172
1125393050
957474834
1149282665
938202560
3124977667
940514426
3323646286
3182915803
3273764753
3090242703
3328023009
1091966765
1119937587
3166207902
1090361774
1100275698
1018207963
3157163690
3182884111
1036948532
3168671099
1113946793
986767228
3327011566
3245069256
3236092226
997188221
3230549743
1133038252
1047542591
3180534399
990331014
3155146827
3292778242
1004202595
3149341055
1141827372
1087863869
3198224802
3180196078
3233457613
1092409957
1120886693
965364166
3212781871
3146795144
3173125899
3179036696
3165295101
3218926819
1162413905
1067565816
3145740697
3296834172
1011930595
1003281821
1057999987
3317002554
3301149581
3322728182
3095480431
1124424536
3266799513
1140229554
1184813874
3240656879
3242203480
1146710170
3216009174
1068701237
3072135082
960014259
928800731
1112882558
1075450990
3303033008
3298041886
1008366668
3265769592
3214779431
3154622692
1022100099
1034013762
3135324159
3197803344
951270530
940649186
3117580735
1079262753
3328665985
1000804904
3324265037
1142647531
1090777624
3194916645
1067924014
1046260410
935333003
3164348735
3238164267
973014578
1108289949
1085903016
982225698
1141452095
3099546234
3107327371
3266273489
1052970612
3211284344
3164865595
1092339134
984887877
3172599944
985145724
1038872356
1032305878
1179320930
3144212423
3096090314
1118779213
3152984007
3259022330
958336685
937463897
1184455741
1019200979
3132490536
1147950269
3218096427
929167150
3288284603
1092314128
974977297
3171091647
1067129511
1013759567
1043880277
3139119475
3212851119
3206476581
3273481128
3171470626
3264131996
1023525064
997492453
3150870557
3095071496
997858994
3196824854
1005293737
3155399944
1143040376
1064428681
1116928438
1095128045
3297868732
3283261211
984506695
989260398
946948347
1032102547
1062051320
1170898436
3224494706
3206671668
1117752316
3237454581
3181804857
3162744610
942087518
3260811177
1100828598
3292340531
3236050245
973139162
3216540146
1003708189
3103087047
3267804440
3130790139
1151658613
3095969190
991743997
1028532297
3196899143
3158205587
947550591
1033032780
3192142098
1083111222
942457445
999017877
3216862644
3328344403
3215944936
3267992444
1004415163
1042994441
1111091294
1149398736
1087006547
1120664757
3319780496
3119628223
949391672
969108469
3200218950
3124780508
1042490233
974174502
1124401578
1174540156
3176967606
1124527218
1147413197
3253901846
3318321547
3266981238
1066679178
3134451939
1044108434
1011173411
3090409184
3110735079
1009355666
1091235652
936798879
1088927964
3188770173
3161756233
1088216761
1126197802
1040837402
1007882393
3190336888
3158180498
3199637478
1121515793
3175024272
1158212808
973932890
1124936619
1067730305
3144640192
1090629043
1080969942
1085963477
3206539521
1067207193
1057166003
1118674510
3325687020
1122927973
1102426958
3305585773
3217187483
1159744169
3271399499
3125848979
3185892351
3228837103
3264505475
3133955257
1024563601
1097262162
3331213327
3267072352
3264026211
1025084688
3247856214
955944792
947532225
3208482185
3324944778
3114495962
977386279
3282666069
1137134255
953399947
3216048484
3326871511
1054928706
1065096368
3196075810
1050544307
3217693257
1057991148
3223156971
3180405839
1063418166
3202604085
1041733986
1068702039
1065527389
3198497949
1064527772
3184320947
1039895986
3190963925
3195146308
1037997651
1050020769
1057347748
1062337859
3213704854
1055397640
3191564112
3205868143
1067574322
3215157331
1058438135
3215570350
3198753155
3221978909
3206913102
1063431097
1066551538
1051015186
3193119072
1052936513
1069902047
3200137933
1071252876
1053791729
3204975783
3185623314
1050826031
3218320829
3215442532
3188959511
1073616460
3213914284
3204413303
1068454254
1025854386
3213586210
1072459657
3216476526
1059305800
1057936297
1046042490
3189594044
3203000267
3197042328
1067653391
3185035870
1040077162
1039590030
1059634776
1054065049
1076013220
3179979460
3210043093
3206740913
1016366115
1062092305
3176437617
1059783855
3217494327
1073687844
3203364515
3196342872
3176768675
1051892183
1066783687
1041097608
3215266760
1064136833
1064900762
1067896005
3194001943
1060503371
3209222093
1067309442
1067814634
3208037018
1064797781
3205535792
3202033950
1057180560
1065340153
1048513229
3196676314
3153058211
3218672817
1066426063
3213079916
3192452713
3213348031
1066330857
3224804442
3216143210
3199016982
3217562341
3215727947
1052331460
1074217743
3202850718
1056244481
3215223727
3195527938
3206744378
3208467453
1072626377
1060289450
1069502731
1065652236
3184648454
1050319392
3281309473
1093914583
3257803667
3243165383
3119201422
1140367386
3091861809
3287360803
1105895095
3288358398
1005848496
3119151884
3235916332
1065519196
3176191375
3106570842
1128819930
1132433445
1041711874
974022900
1058265997
1060348481
933506306
3079314066
939889360
1142042523
3197135367
3279341766
1104877471
1071556202
3181411650
1118257376
984840198
3327746430
3215600639
3239225666
3214433994
1026659141
3247214123
3160334048
3321962234
3191672575
3122601640
1033651631
3288340780
3125132684
3241489932
3188691492
1072283063
3183597076
1146001616
3283478606
3135964739
1015592130
1176365304
3131850122
3240120540
1128856303
3185778272
3248063863
989400603
3274261913
3323312536
3274591205
3240436176
1101366305
3130407761
1138355405
3210526244
1119440883
1014218640
3208373160
1081637237
1036778465
1159491258
3140208546
3272578228
1129944360
3273660895
3106267983
3208744020
3218492748
3087105085
3104219925
3240613607
3157802013
3120201989
989460415
3219797848
3262875932
3263732270
3300942062
3198314771
3271443714
3087967933
3197726155
3284903690
1021366191
3208806991
3307038773
3095444773
1117716822
3323076338
1109745084
3104163617
3241128248
1083641481
1145221886
3276886073
1100449994
3201880974
3130183419
3143183625
3132678662
1118274064
3268367352
1032274370
1037236062
3277825745
1092751536
958520416
1046479867
1105630978
1044900864
3322515188
947198059
1086243523
3254576335
3127272443
3269582178
3304095899
3215303617
1099675723
3140531614
3184493014
1005889797
3158994052
1099074648
963958549
1156164628
3322131125
3163379942
3079569488
1013019291
3257042665
1057817134
1011610565
1115653835
3316746415
946936801
1065445549
1004803294
3262914218
3230028222
1058420438
3268617584
3318866886
974946952
3095872822
3208249559
1143160784
1007672916
3092741186
3330512902
3177940783
1049926936
3205663542
3298105655
3313941091
3101332090
935154853
1096882890
3281512020
3151448033
1014818230
975061632
3301543822
1041627013
1083360926
3317528016
1081476782
976525641
3239666200
3093030540
3134334804
1187418190
3125880833
1099922203
3206958279
3136956093
3323831689
3155049005
1117533747
964998426
3150360796
3088582150
1151495808
3259351823
1021112506
3156554938
1175192256
3293621511
3326924216
1176795865
3169313688
1009065674
3289352275
3124096445
954750463
1109114164
3205435799
979669960
3319699218
3290538917
1152896158
3105771642
3328825807
1108371617
1042575384
3193208788
3322558528
3153821267
3293245707
3114888368
3291218507
3239927474
1067347212
1065505401
3087082529
3324915550
3183461901
3235473408
3206827553
3232501198
3129121338
3189105762
1094037031
3142230040
3195263735
3154997042
3271604694
1121954493
1111645916
3073235152
3090587671
3140551538
3104913644
3164606303
3208283491
3294697375
3171576967
3106234886
3186843756
3282171420
953013187
3193263850
3233952226
989957009
3240478978
1070287942
3324104158
3294143224
1008728956
1006337492
1096384436
1091620080
3167801710
955569985
1143880602
3317544745
3106364894
3294534466
1021467149
3163567395
1153001217
1097214616
950116688
3112613939
3270477905
3288571130
3273560804
3238086615
1134553580
3307535032
3189138796
1153278039
3182429304
1066183418
3184120527
3137075961
3136916101
1110211054
3249512221
1177934549
942648562
3097117433
1032322303
3225888586
1111047498
3241846906
3227850291
941585194
3104065487
1177676670
3324284518
1146616918
1066325315
1109117144
1179013224
3148142242
3177124856
985901882
1066260122
3196867511
3207148886
976762595
3236686016
3250882376
3273558340
3265324910
3187824471
1091443264
1181968083
3180808151
1126950330
1145018696
3213837246
1091210507
3265101795
1061799685
1178540071
1181366629
962550318
1179465485
3280681949
1015522740
3167391545
981083579
1111476386
1145938396
3217506839
3270267314
3103369818
3194187929
965518980
1108212822
1091569783
3200163551
3182175233
3184512758
3101771932
952244287
3187610230
1135251067
3122386077
1001083733
3272195828
967432638
3214143441
1042715100
1092805672
3311092308
3129460269
979456027
3154895549
1000638974
1066292531
3220425871
1039174882
3181850674
1032262639
983321720
1147479398
3092371272
3315072568
3162746265
3261277374
1036284400
1018063121
3181619948
1170136719
1119405678
1015289780
1059149489
1075200002
1091227032
1065717234
3296508889
3231231258
1082111298
1058668840
3210358044
1142411700
983181889
3218486888
3096953832
3253501921
939736894
1009668960
3261476331
903952356
3299869641
3098798779
3247196524
1143730323
3189333394
998215874
3186480361
3216855502
3095508473
995900398
3181455650
3196290824
3126288481
1074624717
1093295388
1110459186
3300424056
1142330440
1175526113
3130905489
1164183189
3104110499
1165567452
3160393847
1183465139
1000548024
3209828866
1032447872
959645070
3176854622
3269285469
3138926222
1144910459
3234160104
3315870236
3126943141
3245421040
1126489182
3275286098
1154717054
3183936827
3215146667
1182432177
3266633699
1117785274
1009935814
949058946
3298139003
3157109021
1007773423
3156983886
3321203256
1092583053
3217409332
1168054487
3185293595
1102209700
983049620
3224398078
983877353
937624368
1170812063
1026438367
1150860005
3305368055
1138301381
983778994
1079499107
1154121766
997577633
3190752258
3229981172
3297283680
1099939408
3230253515
3324407344
3301668228
1158053818
1093369714
1091775216
958967795
3294198228
3126705571
914546828
1075291426
3155445291
3272148070
3313476432
1153983797
968978091
1089829567
3314934213
1138178573
3118541818
1032191102
998727262
3315988331
3224784322
3125205551
3127057917
3239270554
1152551053
977652832
1071408229
3308048564
3311634235
1039657030
1038130114
969425231
3045626251
957768382
3266839717
1058052286
3145902549
3105492535
945503215
3228983481
3230057060
3193732111
3179691543
1039122334
1114875187
966717409
3107973359
3139526023
3273515090
1178656269
954089831
1048124590
3216477391
1013836499
954652838
3201751499
1126066268
3119734590
3128813458
1096777644
3177746920
3261780926
1175976000
999085946
1119724920
1031834531
1033572354
3301662554
1022940920
984732437
3323583976
1141879731
1007491448
3148522963
3322459979
1089073045
3087806095
3074851665
1044981189
3289596409
1040271811
1158114973
1181350491
1063514979
1104390692
1005538855
996704418
3255973075
1181124994
960534288
3112221286
3174663918
3134719816
1126263348
3162933782
1012780987
1034191412
3144195984
3183200248
3134770204
3242162509
1131458085
3121840039
1014178647
1062671431
1150277247
977792997
3242778658
1054072734
3289683131
3082683855
3189970467
1091032185
1092294108
3096183727
1159543195
3157983130
1050300602
3106501800
3268820019
1040348574
3259845110
1032659927
3178677735
1104734587
942544964
997450447
3310919196
979800942
1019315777
3197580978
1061128793
951132302
3151496993
1153317326
1066509484
1066149879
1178654480
1041993729
957628591
3232081487
1093719452
3272562788
3298157901
1178030127
3302520837
1093134962
3316930028
1113419489
1035796494
941214412
1122794127
1079362155
3198917219
3198110725
3216383975
1141749759
3237334904
973116609
3121724640
981152333
1051885390
3173758720
957326799
1142729752
3097441288
1176538974
1048916875
3146961308
3144422130
1154125844
1102491225
1119623316
1063777026
3231932495
3283589202
974857468
3321281053
910148907
3208967847
974087484
1150832549
962425944
987976774
3301268733
940190929
3147345599
3244938111
3128649198
977418210
3135531135
3130612024
1068071275
1033121037
3293910582
3250401032
1025969815
3312431413
3259839129
1068613581
1057178351
1008454098
1030881862
1185234723
1127318696
1086383657
3315178960
1042438394
3164127606
1120170940
3151370002
1041040213
3239544774
1143831706
3247024713
3271415072
990510106
1075124441
3157476015
3256749802
3300724318
1103657411
1019141815
3201786882
1101532760
1080186972
881891836
969954447
3155984408
3122307390
1145886686
3183005309
3247086336
3155309206
1144153670
1090709834
3297452675
1127499834
1123550502
1150913242
3300430637
1036699818
1086964720
3230487581
1144114278
3058980073
1032269273
943399892
951484775
3215066447
1063614365
1052497401
3282743412
3162598426
1034692631
3113345068
3174897978
981772900
963743674
1156370970
3227738019
1118198907
3080618408
1091333910
973694288
3097225786
931455201
3105454435
1100133822
3332916925
1116113163
3235130885
3154944620
3127089626
3303027597
1005683575
1169485499
1090592937
3144696737
1060163612
1121560080
3105998530
1062970530
3114597984
3081811832
1043259640
3153077915
1014338346
3219458529
1084100958
3322813548
958086011
3170331540
1016918012
3248764238
3295383201
3125614409
3157926311
3204468019
3153311935
1068640773
3226335821
1153680312
1151263495
3213012280
3264896690
1154836858
3204840875
3111242715
3127484657
3270559946
1183111295
3246161378
998629585
1098281704
3289873042
3278620882
3146366152
966423199
1100446430
1130734260
1014510884
1168338219
3260711489
984226919
949512671
3159730974
1097964342
3152141326
3093615398
1111202067
3204775858
1122115600
3032384018
3122508712
3275895060
3260387194
1185213954
3100506448
3147599920
1056819753
1162267361
983642611
3156550959
3135201470
1005299167
1091863366
1125234182
3113739792
3273798364
983554325
3230704887
3263040307
3199306722
3189872882
3122285385
1070685693
3249417724
3323232061
1043395506
1124391457
3214237920
1141389852
977882430
1131205534
3154467790
1035274055
1164307525
978951534
1140393772
3177790103
1055877361
974407747
1115284157
3206972437
3127823673
1011187453
1162214693
1096438031
3250125876
3219099331
3126365518
988597462
1126653769
3246436459
3104884234
3299160335
1130418290
1166157056
3180195232
3109229850
3103794992
3330657098
3168907268
1075273517
1111329179
3221871521
3120969941
990512883
1010703606
1067349256
3207913544
3270032698
3273060882
3151412595
947668596
1039524693
1001007656
3229561293
3089817719
978656319
1008833785
1023826152
1122652010
1151757333
982380041
946314963
1117845448
1041386116
1035634130
3215323874
3195308391
3208540819
1042869267
3206128492
1059151178
1050507981
1057621403
3209561028
1070250491
3200541376
1048451549
3204146210
3212414595
3221317550
3196130133
1065131700
1071184437
3211245996
1059568648
3215255823
1066859314
1069411842
1039213357
1039840357
1064541288
1038264463
1072987928
1075765049
1056251182
3200194510
1046123011
1066363804
3206300296
3187371739
3208303274
1058478634
1066426960
3180757815
3201389568
3208778473
3211770522
1070681154
1063169714
3199395993
1051843338
3209008953
3203095892
1062309046
3207753064
3196954075
1052863502
1063726583
1049757993
3199446577
3181485648
3184668500
1066406255
1070627325
3211550556
1075275282
1072457853
1057410832
1051154805
3208450663
3206061819
3214000875
3190457484
3214681204
1067971580
3183020793
1046228602
1064991175
3214484022
3204427115
1046149747
1063023320
1075308128
1061116184
3226359452
1077300435
1052112577
1051958882
1054249544
1060737963
3210888741
3210143276
1037877984
3213209547
3193370816
1022729391
3220553406
1019400719
3206120265
1049068004
1056227938
3220173045
1036488656
1049166233
3211781471
3187994256
3214952223
1007777023
3214320218
1055337723
3216973638
1058504080
3209261696
3217178743
3179626240
3219619156
1057814414
1026573116
3220471263
3157917319
1070393020
1054518513
1051625040
1051662295
1061242117
1061492297
1069475053
1056035374
1069657037
1049424864
3210543547
