# Vitis BLAS gemv double input -- IEEE-754 64-bit patterns (decimal)
# per case: M*N matrix (row-major) then N vector entries
# cases: 0=uniform-random, 1=wide-dynamic-range, 2=cancellation, 3=discriminating-0, 4=discriminating-1, 5=discriminating-2
# n_cases M N
6 3 128
4582484367780926112
4606822883352286945
4600828862294387600
4598437694275237224
4593224945134657152
4605633361546924896
4606325710305325644
4600669161107492136
4598554568035955828
4604749398687076588
4605524919684069364
4594134127199273116
4605926065906467423
4592090569404343848
4603169147429811056
4606387130101089010
4603774819074244625
4605422066491825853
4601323644595201228
4576420252667058560
4604901885075229396
4604353243694709767
4601274362769261672
4593519647606643520
4606880580166354850
4585222928478522528
4604672090480854540
4594070301861608500
4602776772408216733
4606271745535228794
4603262773198674977
4607035365774523274
4585201751471950048
4603168154858608124
4595438306589290416
4605503664255988009
4604423808885441741
4606941504559540974
4598164457542439588
4603020579710341087
4604924533401839957
4605447789047708254
4600010118036645368
4586996147053655744
4600149273373327894
4576547819263362240
4599178421168910562
4598978555265769200
4600066568879079568
4606872692866461874
4603380724917362824
4602860368361060583
4603534129007783902
4601159512583167676
4593283953061656200
4599096292318913566
4602943729269094359
4597015796846276208
4598679548194955158
4602195860847439852
4603270701805642022
4606856328621095945
4604064764795607370
4605301097040838696
4603648225074547618
4599783751022547526
4605324886657860748
4606694961283964875
4607029889218571730
4606468604421260913
4597939007744476732
4603885400347613398
4606990825607849176
4591205466997815304
4589989762877011464
4604098815119555644
4599345439472942224
4590701538139768304
4590074722941411296
4602871375356487514
4599324412620298928
4588077272436396544
4596289348952438948
4604459321143939004
4599839712477491464
4603843823971214738
4584858172335402144
4603126882633075878
4602464373759860574
4597946232770892756
4589250509155246696
4602991327880751361
4601843972763737196
4590105208064121824
4601012423850801852
4603991996545031024
4605727126617576610
4599914954400582122
4593163880728369024
4603696121551559241
4589304173471002032
4600432522352789736
4602709146678498394
4599311119316825642
4599355077163702150
4586601828335117696
4586153943449622064
4594454762853338880
4602020766078176326
4601995107920511168
4606181130182958126
4601496186731536694
4602950054152317844
4575988146515730816
4599666351333747248
4586202310929531984
4576060279250678400
4605096862880240263
4602118691466414686
4582441717653501088
4606740253546837978
4606117788834764210
4602938046829226265
4591420472038493912
4605765129783147534
4598552192407994130
4603463589775692472
4597068772869594780
4606311362131147848
4606810511991152603
4604474055406065522
4603197889188283004
4594994651386591296
4585126555609874464
4606934705534572375
4605169745514769752
4603019884124248773
4601012488882378632
4603900522926330509
4603340347243017283
4599771050316137312
4594955660010256972
4595645671704894608
4599873734623212902
4606606710486904954
4597305318383419076
4600995884798599064
4602702547260712475
4603524568532805387
4597114752233147724
4601405432518837164
4605475194928160104
4604670327067826727
4606946278605254630
4602744293169042589
4602954001797919215
4597826165587306180
4590789239155438912
4603043886480022043
4595597061504174280
4602891396356510205
4597096041200080312
4604580596159835342
4583013045685914400
4606642059182360055
4587063968532751952
4603623485993406481
4601130561835476300
4602918682211846490
4606068427279787559
4606890412479285952
4600951546943832882
4592615367846304256
4605670330256049499
4599938398792153332
4606872377460151607
4580268353804600576
4605313453977495153
4596354320577665096
4602769776521757198
4606385169851357735
4600755333009063090
4603388250329384028
4598630261202338896
4590503784171577640
4584300552663668128
4601376077221721128
4604191188472594036
4605054640767541285
4598468927190073610
4602831309077181144
4607078571617333729
4590517337608445296
4604474422543423152
4606315142315177292
4600093618384572172
4595336174559848408
4599935500060786206
4591842450967481528
4606138551274699745
4584524592970025312
4606184018153734602
4604249845371086999
4600801848672369304
4596589607731859048
4599767412400704044
4602840748904015971
4605992554493628338
4606930727401366116
4605945248187503726
4602624351982540604
4600203822579500748
4595601568191458544
4604972792409859730
4592384169857342368
4603955353724291277
4585683698132339792
4590066411148309576
4600191787673259788
4600062103787767488
4603365226202589572
4580855424911361216
4599093270258824960
4594276018640278972
4605309803685866848
4606401224348831507
4596036336150095476
4601871820244330808
4606050769474521121
4605475539456227658
4606261968429616219
4605101423997828605
4591241971759321000
4606831747705595960
4606940475112816140
4605905702736376062
4604663522975745420
4600079050106123680
4600155600786329236
4602971746336651432
4601028884025890782
4603965464605151777
4606380004596238124
4606545989395657760
4598715327849529106
4605983169064314001
4606976780170818078
4596760749577961264
4598870772646163986
4603714166883608947
4600115637422504142
4603160529354410477
4606025845019796700
4603335476925742736
4580780250695014208
4603720240076457031
4600086436253175768
4602585185956972248
4605553271341554346
4603656926735941403
4602563983806004914
4606524038423102933
4606188774702046762
4605198154454920016
4604852559803742920
4605986154080406004
4598687322316244536
4603775766430386671
4591497138054199128
4601360882359392588
4606750804877609796
4604103805252320038
4605966141400737282
4596927935494551400
4604234023761779366
4606902380027116437
4606316854080252720
4605777420245636897
4604943663114364558
4586279895255361792
4604843399352026778
4591130537976778736
4606867200467982373
4600861084866793888
4606296728943618929
4606145769586589060
4599394237602587236
4581554459511142336
4602744419752114390
4604035644437240249
4598014979091963152
4604172172658037212
4604769892371806548
4602520441768528110
4591449643101454560
4571915398935255168
4606895371410746969
4597004971657550188
4604830828622855015
4606260865119617363
4598879387139033892
4604330333604368676
4606147696322967176
4606108201329903588
4600956258844982940
4602705085744421329
4599345289791440564
4606264598562115373
4602743726771165746
4604813399497676790
4598942651137162400
4601401157336241682
4604163852472679486
4598460711458330652
4598483280298258938
4605506335312793700
4606013055637132518
4590350735975356384
4606530324246708039
4604964727853036310
4606645847844827626
4597394779710677680
4599543749600678316
4599781394561066354
4599129304235447536
4603656712242938322
4606197272376843789
4597933206770935060
4605832306430056934
4606168413220611241
4604876445513294045
4589550035453171520
4593233155389337184
4598747780741632016
4601279500408538686
4604043706192604503
4599928740290851162
4599556781020208124
4606426476184927052
4599296096428837302
4603475374003886153
4602101526908148818
4606749608357984223
4605746266680175037
4603838816419734738
4603060112011893137
4591541773342582552
4605097284033647861
4605608989720287289
4606191141095211342
4602578503763808854
4600011011486136708
4602286606278614960
4598854116611775788
4605756967445025869
4599841523021765876
4605381973712353394
4572257597384675584
4597194308123157480
4606941206014461670
4605379440291095937
4597833689548124908
4585199642377478496
4600727803549854746
4593728378250572172
4605221118437787358
4598473850838740722
4599210621913525886
4604795609259142549
4605287374751253035
4602572057518204898
4584719060228231888
4606962889626931348
4598290711149319012
4600126118167445166
4606617661813203501
4600415257119737534
4601709415677542104
4601860140086735724
4606101697711681394
4598948597600214976
4573072954302453632
4606968380130024258
4605466827249443861
4597115683730148536
4606276851225415110
4599242869217372736
4597837811809896208
4604053647083617309
4605391883342551105
4603990313767513167
4603261768621393147
4606815344825534210
4601222696069128046
4600676644062079822
4606295543033352857
4604475434499343274
4603662443373424680
4602898148258854435
4603608126102405282
4574034808108394880
4591816074104723384
4604274517191404223
4601004717283888550
4604099218020145452
4607097661234879696
4592739410856879080
4605366817467191153
4607004598323762547
4599476887197136366
4595706619789568416
4591775208941369704
4602630824261837254
4606363579162270601
4606120880427433175
4588815215181587872
4604840942533904352
4603160686680567122
4605020231597860062
4601770639476532928
4603696199184894218
4606974086752131320
4606876652834783252
4605518424635054602
4589614009008857624
4599817778244182264
4603716461401942752
4604484112019011584
4605518028462812236
4605904136351818670
4606218959115731867
4606712485655605574
4601047629049982422
4605465567878162077
4603455311379406776
4606448108460388084
4605283300600031776
4594863329557453864
4603438507105533047
4592084543207896352
4584926393376926192
4605219948042698008
4603206682061007445
4601142468845425302
4581553918879024384
4604272419168337418
4599079500921010464
4601003627706139336
4593296693572708360
4579368502786327104
4606384692558568275
4603110608199016927
4601444796386070914
4598441993069844918
4603120185935579217
4602395864168973212
4602233036623910916
4602390302920950402
4605683190013382404
4602837062900147878
4604352380506768173
4603568439420555045
4604887555799085625
4591804671098458784
4604242422512577564
4605778366961190453
4606413092848090185
4600135451258128012
4605416467909388942
4602922921633448212
4604977865734951425
4598906076771472108
4604614462973898236
4603938743184015255
4606187581914354062
4598835368342923208
4605498736704403473
4602547364885627954
4604851402991277832
4602720414617019226
4599312190532454278
4604588679441212928
4576996709955511552
4583465363396101472
4594582936137732628
4606556242216210167
4603742498828213749
4603858120097554759
4596186550973937772
4606020071154224641
4602717432433849484
4595989977055439920
4601808387348562726
4596884106391021536
4593119208443453208
4596143913391517064
4597672428812571304
4602137572580952808
4605418441512582747
4600405147250469000
4605804439507937492
4600007307939049554
4595622635746754672
4602326045624005966
4583337810083781184
4597882152334423936
4587650903078098704
4600552345871262806
4602024279779434630
4601477785123777602
4603246725904551169
4605019758453829686
13809527933375416200
4441287326259654682
13751033214695347145
4574088664405718080
13682763260395373064
4722167284894246539
4724106672516222414
4792154856314977332
4460118659939233487
4495414116841662960
13791971004336158367
4452456510495749921
4514520538213795517
4585287741359587268
4629157757216468580
13638761309096014569
4500135686269849125
4625910734420447832
13832158476208799696
13834162918955703425
4614969987713334738
4472199931619529110
4590774709858029936
13898791434866109962
4564770056259988660
4550296614924024780
13790924520163442665
4763281248365216715
4509771172584072203
13949829394969111197
13909857006548123372
13961332265401765100
4635735868748099459
4522356596691981915
13754786584713541790
13980298524001675532
13798339630049671493
13753453211178577828
13757073548911103160
13954092161018783981
4470825165062960629
4531802524693774007
13906727616738894249
13903062585093658971
13885021043117869519
4438506475283266490
13959646915075648249
4759471195743527263
4421952004092339432
4510753488918178098
13772979624201138877
13729504151657698952
4736480164137165414
13977806537836702859
4745534569336747932
4618416821341189622
4621530224364609279
14006594626788119038
4427296178508767731
4446024670000431928
4626612541950477758
13964433834615500572
4504091988145356269
4533069190400798704
13687728640470472379
4468232677519621671
13698250127666851929
13876811580605449312
13846581777536337482
4777302833980253703
4609392440556071015
4454505220153961115
13863874792822748082
13835138970233967232
14010927544973252894
13652514716645336372
13820764197893732496
13924073836106787281
13890676329994887940
13639611664507097006
13893509385278761568
13848438858600391338
13890948174360029142
13804602192365712865
13893015235398252050
13711064918961234652
4488060505924259217
4471935875502070264
4631675663417299025
13829072278722658665
4626524455975952854
13844940760897230774
13952473758626276284
4580742517239191992
13645975782820078734
13830161045157805418
13920678259334814574
4733802163229530060
13780748593155125782
14012881277330882474
4721529534167707481
14013974650655818389
4611313919178340980
4787391922051897340
13695807552386332204
13735612055097743340
4438076057153571978
4650294344671455474
13940775282101679130
4595161496159492243
13857557180241360278
13770638215632759430
13872345131097267093
4482615382304009634
13981385513488312643
13644080724767076832
13649509374961725153
4685451583054791342
13980660442516165815
4707637601160617949
13680026426380829177
4526253407937445572
4752620950131104336
13782038466969463005
4428135256350392179
13889116608566601221
4626564000854666863
13893827466661420953
4593084091114111928
4675194095415949638
4770863228220579894
4442625611996479187
13877148361979864526
4620508355949261589
4723919771194892434
13680158586113237573
4454664714127572466
13675055389374261196
13970982543115255508
13811254589617375080
4763297527057732065
4441802184868157104
4561504452793884208
13680901246390511078
13997868984030980128
13750373552763787836
4783942699336799605
4630049489914518152
13917916706448470406
13697374450092542692
4772692200658768666
13946071446517982555
4459425959301254886
4710457368339617141
4444732479814049818
4523108925987690874
4530525830447647474
13935572642451511617
13643644145398437837
13795879591812582111
13938120181975266516
4654516680654465729
13903560881923121850
4639763233133591996
13826664291209013880
4514171674284385835
4429458459232704265
13676714207045905136
13905085914714564760
4759998110385854195
13952477043806696604
13911932951873009285
14007451006809360518
13728425445439126448
4679468742020751956
14005975940180141769
13862107834166356441
4592277527001079788
4657313808539341923
13859172920583939048
4417572750940639440
13785890835601914973
13712894081926169188
13668847098046208297
4699298879462009256
4589203819102546355
4744146068600036415
4759548960022506559
13876852607259688749
4591252399999120412
4501165998703519910
13904552456601134687
13672735001197549698
13876461973794304229
13803364336511514700
4431131432873182990
4755880880876226170
13677556574156420392
13802399249004239538
4775898503639195874
13960111157807451225
4744622784805197528
4769599090597853943
4742317076764176042
13678588065326668256
4779427469387833710
4542674361894113117
4531031593327344559
4426422298190101576
4568421663542378439
4757821215314905349
13936401901739386751
13861746464294718407
13642129958796223278
13977771831441525820
4783533748109743686
13977850111115848792
4596033708920997705
13814439203282008383
4503232357727625121
4496593590496633995
13921502472508863010
4661530912423140975
4774784842799298744
4710855665088776800
4558507641344345371
13651016406517265543
13952846461412764597
4784841002412431721
4748463118933667671
13998835198723357516
13818165699721717828
13723768843901223458
4558355927624785750
4531374435245066384
4787879015865754785
13678804965327521028
13946922816787738158
13812949517531598971
4590259641393822807
13961647913362848063
13688603782217636006
4502675297927136787
13980091221714705256
4474737778971419066
13965565109904741896
13781843964425472757
13696437191393293630
13715763214815511377
4427111756912941276
13950246617844120419
4442072410270444963
4770071752914491882
4764037812139447950
4751862797817719984
4650391458917002153
4677229821563445091
13995902919141469597
4463971772353406049
4400877940930284933
4567878745489107048
4683863624291678947
13845957827773373715
13857993838724229044
4479670923905339664
13978826879399303220
4730553933350077706
13887922555925417319
4694869887235176514
4680128981951678267
13728601512123425884
13723875294071832981
4683504870335187272
13648641158222813565
4551165712429772459
4636618756193423769
13808752462283435164
13990553951819106255
4644895055906370349
4484336580762106658
13914243491338946742
4677825181914288402
4786792619128550824
4463375917833623479
14006683177533603640
13834425887001507196
4467921502930827566
4423674063391168778
4635418597075045625
13960397970493404524
13826218368202255530
4783631672609851296
13719720317592851707
13923972404091715450
4741268104678840638
13728883511052838990
13650795382693591850
4645855758785029811
13827603167075345571
4568872755417147745
4680191921544160316
4440518662415693831
4648124398132266377
13980057566252252138
4712198444494033418
13941745348569389478
4598567461586601050
4428272383007513634
13904280540966043242
13746514623597408557
13934218453584402317
13681776158543560319
4546359010921775711
4528270003515488655
13695677925805672906
4697866228130917778
13665335937622672240
13806964583738990608
4730244290124191232
14010466852008753810
4623851117688886351
13638428204378996004
13680445937079915308
14013451816032778556
13914175513569502731
13740975663708096519
13782997647898475695
13642706419310563442
13697993399940683811
4463556377226404990
4503143770951404554
4566759751433956850
13723454804088535045
4561657505195440186
4786056671754923500
13790321690315258108
13949733042233597765
14009138133743678399
13907920881353174047
13829093763298394930
13707398794809964147
13782376066231827939
4581237192806274463
4545059773264991198
13998543309295754799
13904543377459100040
4787444610855072611
13772987260842050412
4685076683445111943
13699924987855664355
13984770680175541747
13659898397162411533
4506638862335558101
13921387606988540496
13731722853059148343
4510892602419907990
13731432693390905248
4620055517516402274
4487655596110194020
13897761065196630616
13863274955771646947
4529033039541037713
4767839051125130291
4684629205163278175
13992043140111600162
13646109540364158012
4724489699688246803
4706669086393527412
4681120663687070006
13693561754835842885
13951141427166047401
14011469824250474033
4621900295023579378
4679558134477563273
13947478092674718586
13730414535576831602
13894713103295898335
4778553443301650969
4666578429256447311
4484262761056034437
4604211911833515009
4617789966131413953
13876200294100451492
4578199394380008891
4606706393290367509
13826907237840236382
13821750656984720358
4607507416082148469
13832014680207662120
4604174718851837678
4595656089785495516
4609693731724149476
13823222348860685188
4596455057073415066
13830839942247693619
13836075408865319826
13827577456409907822
4611068776221265654
13835761766934495054
13835317941359091020
4611946603778247792
4604864916150930573
13824129025439060446
13824757207289567649
13830951873126426442
13825826466818713023
13802216120062469475
13833517850577510759
13821935019921414497
4594729996681687070
13834520122117401045
13815919432973170561
4612694223577228517
13821557819786760429
4604926334386103980
4605569077750289556
13825929737322324892
4602539608376909658
13827031837650623217
13828421242497116969
4594636760667370735
13832423470485054788
4601306835796474265
4607794602515108894
13830468966107713492
4611402112861679682
13832502642748079199
4607891086071403438
13827762352334642793
4611731547994089307
13829106456794098225
4585679878025857300
4608544866982926198
13829802234746923538
13828965631032030275
13818953807546651332
13826984039830773994
4607056899512620984
13823680755047657502
4606037683214990981
4603986164928603007
13822367975796752204
13835599933381160990
13819594480432414742
4602093875929594511
13820713314152471673
13822633235466519513
4597988741615469407
13820179017384264744
13827436342635142034
4602755451116386230
13828455391792430938
4609762152267234723
13808800702738622312
13828815264814135757
4608144095887110037
4608087244840007855
13823662099662323126
13830254141102915092
4596400091625474304
4602812835282521154
4595628332042087570
13830653728704046782
13829992471185103614
13831149705562734208
13830696613893799215
4600038617290837459
4602621213996551036
4601102429548924005
13834364211944158818
13827932411321973076
4611694561752016105
13830944118155009157
4597413121071341549
4603627836230869691
13828614893237663444
13821953414374580997
4610143514534738537
13827980235765686129
13826836226085848560
4607494562153936129
4607340839189983429
4604514901485739839
4603554903863858784
13826263513102833193
13822066145663664731
13826913328323744261
4602873384961783700
13814377372664439442
4599865073898012976
4607501333993335383
4604156444975299996
4606242414008292660
4608123997539425542
13818860606513998925
4613360656295531623
13828659859172315351
4580200027094385073
4598990874633479949
13828110638058476699
4607488815614104283
4597397317769731529
13832542447748324164
4606417980165367290
13833889658891271289
4593310880658985924
13825925151285420537
13829025447966003754
4585400704053012618
4594167847654913606
13835527583557338272
13820418891705185744
13995356686953060183
4771984650098284375
14008684254606833100
4785312217752057292
4781999564738052493
14005371601592828301
13994448991592906513
4771076954738130705
14006179011864405019
4782806975009629211
14016270357379109569
4792898320524333761
14008596329203166111
4785224292348390303
14013457329151528218
4790085292296752410
4786046677193964349
14009418714048740157
4765534614066770521
13988906650921546329
14012400089152360746
4789028052297584938
4784363984202680025
14007736021057455833
14008273765698282675
4784901728843506867
14007636283371278695
4784264246516502887
4789044423916586623
14012416460771362431
4783878501329598150
14007250538184373958
14007825519744785154
4784453482890009346
14009621708684290116
4786249671829514308
14014570966300976881
4791198929446201073
13992181577593927845
4768809540739152037
14010610881461874535
4787238844607098727
4781242184231482106
14004614221086257914
14009450211598744693
4786078174743968885
13994672617066102341
4771300580211326533
4780234893088938757
14003606929943714565
4784893273983210779
14008265310837986587
14008968173699740975
4785596136844965167
4774542494981141614
13997914531835917422
13998042806146586851
4774670769291811043
14013225634484521523
4789853597629745715
4788486879566397321
14011858916421173129
4788604421196390019
14011976458051165827
4785878530218934374
14009250567073710182
4791890979001466220
14015263015856242028
14004131663422671541
4780759626567895733
13994274356449352981
4770902319594577173
14012145822885111255
4788773786030335447
4783201747977132757
14006573784831908565
14005192997042889376
4781820960188113568
4783267073043791572
14006639109898567380
4779578955146596989
14002950992001372797
4786942302202162872
14010314339056938680
4780318866615539717
14003690903470315525
13993594791729452261
4770222754874676453
4775353998459162110
13998726035313937918
14009863681230858613
4786491644376082805
4775464691922466174
13998836728777241982
4793477765186287695
14016849802041063503
14012503961598875135
4789131924744099327
14007110996993764053
4783738960138988245
14011592199216487742
4788220162361711934
14009729512277903833
4786357475423128025
4786244011376626157
14009616048231401965
14004117446328044226
4780745409473268418
14000911120806717773
4777539083951941965
4788310805303734638
14011682842158510446
13992568357958779867
4769196321104004059
14009204519213670747
4785832482358894939
4781823452143055883
14005195488997831691
13991943937555994797
4768571900701218989
4776550607903450877
13999922644758226685
14004529916889270798
4781157880034494990
14009407468976317406
4786035432121541598
4785697362271829442
14009069399126605250
14008773246741128659
4785401209886352851
14005971564223433795
4782599527368657987
14010250471588069508
4786878434733293700
14007253831514294135
4783881794659518327
14005153682800218748
4781781645945442940
14012811576687862713
4789439539833086905
4785460464295773969
14008832501150549777
4784201373084008041
14007573409938783849
13981124315153458807
4757752278298682999
4788910024065523322
14012282060920299130
4789669517526079442
14013041554380855250
14004088267979160783
4780716231124384975
4781440259175296306
14004812296030072114
4779138295901644079
14002510332756419887
14014598877478679367
4791226840623903559
14008387190131593891
4785015153276818083
4780099118627666207
14003471155482442015
4779773761664274847
14003145798519050655
4789183051905837918
14012555088760613726
4786793921663912219
14010165958518688027
14008223980220196410
4784851943365420602
14007333696068847411
4783961659214071603
14007830872477080096
4784458835622304288
13998614761578104062
4775242724723328254
14006200968455594691
4782828931600818883
14013296406482251670
4789924369627475862
4775886418857593306
13999258455712369114
14014629392675846240
4791257355821070432
13997879957609098661
4774507920754322853
4784621734044555304
14007993770899331112
4782019740157955773
14005391777012731581
4786992860896604731
14010364897751380539
14015011860628783257
4791639823774007449
14006735752127500896
4783363715272725088
4783264036154793920
14006636073009569728
4785826030865848838
14009198067720624646
4782404416386749611
14005776453241525419
4771165635384349909
13994537672239125717
14011357925386200005
4787985888531424197
4772966384691548138
13996338421546323946
4788425903311635368
14011797940166411176
4787660348433793178
14011032385288568986
4778456541729460145
14001828578584235953
4783364397233340791
14006736434088116599
4752587889384262390
13975959926239038198
4786784952085277596
14010156988940053404
14009906928176628406
4786534891321852598
4781656199915589580
14005028236770365388
4789069215922961558
14012441252777737366
4791863946892925112
14015235983747700920
4783251754792953272
14006623791647729080
4783077957165504854
14006449994020280662
14008644572045078285
4785272535190302477
4767229312758087359
13990601349612863167
13999012510405327178
4775640473550551370
13976699322996715246
4753327286141939438
4790088844685279952
14013460881540055760
4784357647976633594
14007729684831409402
14011552661069848622
4788180624215072814
14001088617028925721
4777716580174149913
14010004706889063222
4786632670034287414
4780714657636732278
14004086694491508086
14004285390215930006
4780913353361154198
14004973250120440092
4781601213265664284
4780792364171862238
14004164401026638046
13999833708777811530
4776461671923035722
13997298142788966677
4773926105934190869
4769393689596024124
13992765726450799932
14011928437966823305
4788556401112047497
14003130821983929267
4779758785129153459
14008783217152286218
4785411180297510410
14016015144542951730
4792643107688175922
4784901290428139937
14008273327282915745
14011768138111970637
4788396101257194829
13989538801743067871
4766166764888292063
4781139667906225053
14004511704761000861
4788598638283103714
14011970675137879522
4786252099472472418
14009624136327248226
14003859688095372316
4780487651240596508
14008901876783585335
4785529839928809527
4784107874420526498
14007479911275302306
13995874679084329502
4772502642229553694
14007584231632575692
4784212194777799884
4784329348656492571
14007701385511268379
14008317355327160958
4784945318472385150
13990716645532930295
4767344608678154487
14007269388079082696
4783897351224306888
4781026928897196728
14004398965751972536
14000246738135595350
4776874701280819542
14012101865661085100
4788729828806309292
14001083704543510156
4777711667688734348
4789258935986214780
14012630972840990588
4788312897776502140
14011684934631277948
14009111723848161526
4785739686993385718
14009918602488186904
4786546565633411096
4777214347000210719
14000586383854986527
14005118197584903396
4781746160730127588
14003522666416109636
4780150629561333828
14007604974316668384
4784232937461892576
4786199244310908116
14009571281165683924
14009040295545381102
4785668258690605294
13998006365250674266
4774634328395898458
4782950568963823301
14006322605818599109
4783310198468931330
14006682235323707138
4787361298523946474
14010733335378722282
14006862460993468304
4783490424138692496
4778808917256446533
14002180954111222341
4774844330944689365
13998216367799465173
13994633237145151889
4771261200290376081
14005259486283308745
4781887449428532937
4779113593937373260
14002485630792149068
4790719560009210941
14014091596863986749
14004321326462005567
4780949289607229759
4779590988075850885
14002963024930626693
14014373080295411947
4791001043440636139
14006199825791111093
4782827788936335285
14001307904270138230
4777935867415362422
14012195365766717279
4788823328911941471
13998460688761262484
4775088651906486676
14014958556545655299
4791586519690879491
4788011257304638280
14011383294159414088
4785560094997366844
14008932131852142652
4783120162638514297
14006492199493290105
4790957399320958901
14014329436175734709
14015412999696598039
4792040962841822231
14011732164395704638
4788360127540928830
14002378679959901317
4779006643105125509
4780272260795427434
14003644297650203242
4607182418800017408
4607182418800017408
4607182418800017408
4607182418800017408
4607182418800017408
4607182418800017408
4607182418800017408
4607182418800017408
4607182418800017408
4607182418800017408
4607182418800017408
4607182418800017408
4607182418800017408
4607182418800017408
4607182418800017408
4607182418800017408
4607182418800017408
4607182418800017408
4607182418800017408
4607182418800017408
4607182418800017408
4607182418800017408
4607182418800017408
4607182418800017408
4607182418800017408
4607182418800017408
4607182418800017408
4607182418800017408
4607182418800017408
4607182418800017408
4607182418800017408
4607182418800017408
4607182418800017408
4607182418800017408
4607182418800017408
4607182418800017408
4607182418800017408
4607182418800017408
4607182418800017408
4607182418800017408
4607182418800017408
4607182418800017408
4607182418800017408
4607182418800017408
4607182418800017408
4607182418800017408
4607182418800017408
4607182418800017408
4607182418800017408
4607182418800017408
4607182418800017408
4607182418800017408
4607182418800017408
4607182418800017408
4607182418800017408
4607182418800017408
4607182418800017408
4607182418800017408
4607182418800017408
4607182418800017408
4607182418800017408
4607182418800017408
4607182418800017408
4607182418800017408
4607182418800017408
4607182418800017408
4607182418800017408
4607182418800017408
4607182418800017408
4607182418800017408
4607182418800017408
4607182418800017408
4607182418800017408
4607182418800017408
4607182418800017408
4607182418800017408
4607182418800017408
4607182418800017408
4607182418800017408
4607182418800017408
4607182418800017408
4607182418800017408
4607182418800017408
4607182418800017408
4607182418800017408
4607182418800017408
4607182418800017408
4607182418800017408
4607182418800017408
4607182418800017408
4607182418800017408
4607182418800017408
4607182418800017408
4607182418800017408
4607182418800017408
4607182418800017408
4607182418800017408
4607182418800017408
4607182418800017408
4607182418800017408
4607182418800017408
4607182418800017408
4607182418800017408
4607182418800017408
4607182418800017408
4607182418800017408
4607182418800017408
4607182418800017408
4607182418800017408
4607182418800017408
4607182418800017408
4607182418800017408
4607182418800017408
4607182418800017408
4607182418800017408
4607182418800017408
4607182418800017408
4607182418800017408
4607182418800017408
4607182418800017408
4607182418800017408
4607182418800017408
4607182418800017408
4607182418800017408
4607182418800017408
4607182418800017408
4607182418800017408
4607182418800017408
4534221659229800031
4610567844893748474
13938266721862664368
4602853947411917876
13710520370319398631
4548251792295449202
4587022354881251018
4481670323608288932
13951329480636227645
13777096023190836515
13876950579159496977
4571847929323058223
13781954342107221276
4519345541002573660
13849794265254003815
4603786971950320356
13905550688495186108
13886530121256856629
13917503322708303228
4684671070241675711
13710576281797914838
4589793039163846941
13926002744753953160
4511087679677750238
4718239003094648015
4679321938246994628
4532609633675156832
4679980871462841151
4634491278016391675
4621939925128698119
4692503906398583899
13735261356715846042
13766615195250235958
4633444232433466830
13780963591328028237
4533428283944518195
4594461200754280783
13908289998438086395
13793428232205345374
4692379532096422243
13898360283805621792
4544462413980537250
13758236465169146199
4563890810340933938
4713448451343449313
13706378209878346838
13856572167708135988
4590260267552106401
4708035423724541964
13801684073576025047
13693543227398557614
4706738511816259651
13788511370064513913
4727181097544689013
13827399712643466145
13772371939499891807
13739310442570774216
13706758095305583991
13758537697956611720
13850065195588295815
13789473321705270402
13893674945560441472
4611819864961861880
13939391252021073635
13746563074671282403
13840009674984751426
4715378221084066990
13728712629015907047
13876979681397996811
4607470710049449130
4552369945149152392
13821583991574113653
13844107023630952580
4649348846414813486
4662543946247876476
13900756798768318029
4503769741064712189
13772453676917198289
13870212818079799601
4620822786096929126
13850389510224828177
4685446850349740521
13727807495279283463
13745195629996140577
4593122736616439824
4580387202247147678
4561196341498918303
13715070092508840225
13891863522005470380
4585073292508879452
13768194438901340214
13777295649848132919
13725918653678877928
13892461597220973592
13864897748450878492
4693359753457013825
13904044817325609956
4725925153237353042
4572438004536721715
13731967432005779303
13834381400199601491
13803207616001609191
4715705983515048998
4638655867631044008
13833488205472540451
4602777034319899029
13910729470538445464
4724729560548194232
13708021269487125539
13739266181441607285
4625207375962310963
13932504509739163186
13826833762310021627
4639533110874792774
13872525959828471054
4515321662384762303
4656955535166592904
13942094572899087191
4656847865189480733
4572675915991413957
13774628974420796603
4487649988977008432
13847282769204488840
13916187555737311952
4701345054333484980
4522830597888565590
13830645611135401818
4505180337696259622
4602140308307524688
13949331395479560061
4483374973254359225
13750441632416103421
13889897541424782463
13812517042702950604
4585113079001573626
4697429211230244759
13828387987305912365
4703610771223355548
13885618780524982005
13812958435606856298
13710597862253215102
4712929351648074338
13708595103996360185
4642145016592698070
13875281877191809694
13774687195104089544
4647921072456476926
4504377015487908184
4477407017152125256
13933874423867130489
13952539617511482462
4701840015166345445
4585597037714030658
4688838352198316659
4711911267827581504
13917148448583007917
13830918367190834512
4574513706414702337
13933622472585654535
4606564484486103512
4672239820947467696
4576109751613386487
4643399392343816377
4595791684872343452
13940870082517941279
13703271655907972574
13857396412885214276
4631795734228639574
4723871997158169496
13843769624676432860
4706431151945618409
13861273967072351905
4543349100583618952
13836293112639808623
13884383934206300798
4503113608780071769
4730401577066059163
4542361684654946932
13736471186784572648
13817619627088083391
4548246363775873069
4565560109009609068
13819382982430361823
13916323188598379548
13893358669093337488
4514444669116662831
13873384334138789322
13917814797895184562
4715715571997890803
13809848289648612862
4619215659655884652
13733024681101159525
13717257023704903597
13940707038582426557
13758428657558637416
13946938830671049044
4655247599399299702
13824514806648446698
4702671516295547426
13706953422884909870
4634327022979416134
13859982132247632166
13743036525795276846
4659263553644683032
4487976718957106366
4635885557339598562
13851690212292736718
4649632478669935135
4638531861579078386
13767814870195186250
13814128141752751428
4693141865262415239
4569781228384593710
4580355191995931286
4621170401417992210
4520091190907647760
4598793892062357785
13947275404226135582
13831532403198518049
4605699114584119605
4572931607759805636
4596560143344524295
13738739364513495371
4698953430766295178
4634848955424835661
13806568201648210704
13774360319146737018
4652638967331713966
13730602673715614766
13948246704196124864
13756117672059342745
4591196024537939013
13749010534998365487
13742742212046263042
13871912918308232665
4563956329345182404
13741428107897272805
13904996529963728676
13709453639070397745
13881677120220752838
4597929957836257252
13875100557842704341
13943642652834654800
4504708789216351858
13839070753948693356
13911944086704278111
13704122250036045113
13843461294843072738
4486952348322885856
4481265229810160406
13849802428405510860
4575918376317689409
13809986787135522372
4608044563460890287
4586339683488132446
4514131621836911784
4668197404543084091
4729596913602238159
13824728511748732613
4601242840920326578
4679387276698852142
4595103244132833439
4497539207896012266
13763228769923381656
4726813662600454090
13925594848429763951
13814195840033386267
13945579039434043988
4566689382822075745
4539228116459718976
4605269076558729762
4545419557464824413
13863782714862103129
13800541661344168552
13907222700334342193
13708021855073756512
13845103795314235292
4682887478584481463
13851565425595122056
4576055090815568915
4712967487135990842
13704030762998802756
13811630445631006309
13739747003512159103
13836702367379801586
4637478511960935807
13698789267986650744
13849410927914114978
4529854321954189619
13785644403488837034
4562250205291726767
13787994736031228681
4475188528175154608
13723088608313195317
13706002464416656434
4725442998601950431
13721768738238322607
13902103288241729261
13790613759501188572
13792985544678950477
13937884215055119147
13905292022869215370
13700327047026914235
4478083289476487344
13853161239190028778
13714920925225890964
13898198583554819809
4488018654798296644
13876741615605553466
4728300495252300383
4596056360580535412
13737807492182631584
13937404230450657321
13919330957014131008
4499812046191895807
4486191926652577261
4563647028588866959
4697312455036322493
4514470667344783043
13793371658304654977
4650100569790097830
13826586256219426662
4680443375405375087
13826281701744493393
4605723307600364850
4593988639020127564
13792021887975668312
13916428950721715416
4546148503996537236
13926834741099269849
13803495508648417898
4681806135127917457
13936016728497098813
13921244191386900572
13936478818701848849
13861356256998321087
4709222054862943719
13870703314283265605
4510960455716028915
4574151221312942495
4671872216696508848
4510965919268727597
13761683236649534266
4682768331606829282
13767713264184959695
4600923274970200209
13712304375128889265
13859744336353134875
13911929091552978009
4696389837150938739
4591444285397780024
13790890439746315970
4652533809856802416
13796309918324271761
13888365803189758914
13765764766328045752
13882992275437347060
4607988089461418173
4602842783122370487
13827694895295291742
13705436303084058710
4507533852293492082
4522387859529201521
4663018460773059707
4671903799655204967
13849158512246212952
4697190751355640550
4523925958944677254
13936997628142476657
4532588183913240546
13890889706042547952
4717380702927447475
4635308243185263345
13901218782688299540
13788258739146225074
13865858239185208719
4671004476604366549
4579241946123465820
13744092716040117207
13737193604444548115
4504239182956637715
4684497242207253287
13832423997911767036
4617754604653219153
13822707826242458644
4592710336792520883
13830530102697760927
4611375730211047524
13826134363405351435
13823524602465304658
4605244565647395384
4609371322863594777
4605832739360588983
4607962639316239201
13825878221894606663
13828697491751571827
4610516406121177066
13830645097179952207
13826561819349616492
4602972878661317347
4605505681973863864
4608119974035205295
4590904824128527262
4604300598726071169
4591656821894745857
13819107551819567586
13817632399877769749
13827406126629446688
13813188348171835870
13831458177330602417
13810705085256262386
13828169019060700035
13833004718397785861
13829699991840955497
13826600044679293916
4609697578184087632
13821312615745273705
4605911457417403077
13833225130537921909
4607648244397550281
4600585506931483753
4604120146775368814
4605136263257377520
4606169799890304891
13808503599354676187
13825204398073682306
13829005844670948351
13832441627505391380
4608194068012582248
4611601229827791001
4597252700863135567
13819579725949480981
4603025460057943777
13829244306638045072
13831856468200220621
4602695892490693656
4602794796419548320
4605558881878227145
4607751767403771012
13835979041251628826
13821181075845862010
13834126849506959929
4604173909984803373
4599984949506355282
4606352832857541889
4597512454925918992
13836045753445010191
13822731935322747381
13799257186594404185
4604780915007183616
4605771794162953227
13821762822890801539
4601108114876889415
13826275638202839945
4609731558848244502
13829689525416408548
4599296632059763008
13833479337763035479
13818465066631749680
13805159093561434456
4593792627730490773
13835348639312627816
4605236337896190993
13835903537566225775
4595183980867172354
4607516984682294439
4607707130554943314
4594124146602947633
13794769548960201019
4595499517466096854
4604592429370015144
13819399106688448426
4605532829409485265
13829321231126265334
13824079865070672419
13819629463858524529
4602237459111023606
4603388332836947566
13829254160088786730
13824343925101105146
13832594716937724613
4607850695979432369
13826691438213128542
4607966688628122270
4607494790318253775
13822511325281823438
4594909142859300914
13824847166187738053
13820543165551030960
4600261536984026257
13820636389296671547
4598998541019002712
4601671849246919831
4604274071663454742
4603751530331824960
4593562551423807785
4605178807863820612
13820224394893921087
13827782028762112589
13830022689738060926
4608299454563676343
13825532405442499027
4606436476921710158
13814580817618805288
13834715791754787780
13828970732313445426
13832760151286984027
4587281554143758359
13828252614059035769
4603978195893371833
13823466018935025574
13831488224766373468
13751514899635797187
4593928350021449789
13722497926468260604
4530167046632289348
13852818266932248881
4538649869321541547
4728435261114678491
13892970990222549869
13772364492211507143
4727613725544210057
4699270363254256861
13765133043845379484
4551111517445113602
13709824260217167481
13904814602721696348
4626449757216369863
4525812606264847594
4640940561926667493
4531106524456422654
4508338905717891671
13875619271129938350
13752776039054158875
4562761695363538380
13737425797196103312
13826867079366096862
13723356161112291966
13710836193930247826
4604272581524020199
4712284842713706805
13853521680521426387
4718602674136723878
4570793947563593929
13937321264986432851
4606704387466354499
4574892121275801718
13779880518614190613
4482043280708269864
4649428479291426015
4499059316089649264
4484666603719357751
4666929993438660716
4527505199319934675
13916962077360784341
13923762527413235397
13712820600776314898
13889786348972198584
13725803597988602873
13710124875479875996
4591072746458343325
13705731545931492272
4696185579471362438
13753723373681273675
13826934689324549405
13903967930435711436
13920817475050090255
4489342238316693977
4608551593346403812
13945964576956963267
4461698272950367674
13861644880097146380
4536518160785970533
4485475420626946677
4560490559484332594
4550227188505332919
13817556128399163651
4517555090277506838
13737537637653665928
4562424720479823456
13863769723426189136
4649562132634735407
4486892684166085036
13904482330748777460
13836498532319400958
4513764484197607484
4578106152114276233
4544586291595225458
13787755716094562433
13783447492276337391
4699145770030343234
13691733364495803792
4499304594782364016
4477350879784396956
4579174121885533065
13732852371619641309
4515061419619762285
13754365576936918722
13861151507099761288
4722860293543749097
4725389248900622620
4683437568207383095
4668876342249518217
4545981677107616776
4673235610544872752
13949554494341550034
4640401958567995239
4488085777485139887
4568103238589739659
4531873229463247327
13798495878762031667
4564717377749501494
13906509859564544240
4598300009232152930
4487694753742814439
4597707590167947478
13937032197694765396
4717650927364616488
13744971823295507060
4535926300082476814
13871271902882161970
4531804144022224762
4621454839992939752
13759241228930940525
4666417506484990635
13726097573145554323
13843140804574343304
13889750363162403478
4681976545404136916
4564292418667857964
13860416762964971380
4693386403606216936
13878966617225780659
4485599077881951577
13806422714937226800
13841456581303512781
4595007028967480533
13790743356800851634
4559846526040938910
13872559943527791270
13701170986973603970
13843579457574024660
4559219025744856906
13758672131017688342
13900713469143456527
4637412480032998693
4670219188747978770
13826795729733736729
13698442212398100342
4608317438369484200
4679504178666158434
4529922838032340127
13746720914690042459
4596941635802851565
13847310050238387796
13937187728239481752
13757642710383465694
4716256011582407394
13765770342954583880
4489905802685877696
4584322037062747362
13756430108854426739
4716139496910474946
4550047122812452638
13951154126109171374
13785293387556734902
13808631528573811024
4574630797813587598
4684562221455673688
13694812992961299830
13922083351369395034
4560789241290195474
4685003912385879557
13768322113423969060
13703706381502760921
4500347187852785166
4594021826057355651
13800895789839896019
13931272323454034885
13932625305130759943
13930777640074315909
4541026441165298202
13772523222854769708
13859624118018935103
4614604593431568929
4531880267102569472
13814045668756680916
13938930806279046415
13745994139313109108
13794926919025799825
13869600132660786052
13755500238864330551
4588101638256700509
4730388326366800513
13912963748577338267
13786104975015227993
4609065519838360665
4665424148126438832
4677356291175167444
13792486917474016791
4483892611113028414
13843046723962836852
13899370589692619547
13804168815642849560
13904180074455701152
4595498696967640369
4569873433334220693
4495191688417342269
4730241434381771251
4640803762402763236
13909346765995846568
4549552174736058238
13790054785325703564
13919261532900789186
13785855025530337089
13851632489351787440
13915796507677610266
4654110532159101454
4506169225505341525
13707566108458198570
4706320170775058326
13779758254973473588
13840019431990392577
4527083364780997275
4619131404047814694
4658665376593512500
4719870136080505734
13754186883448702654
13730609140362812881
13709875999287479099
13781223988702267133
4562963198878025145
4650870566633416861
4683630695839931278
4727061819186294280
4586304436508435474
4589669937164154368
4593609962837190157
4523827989433944667
4706506716862826699
13809271025964955549
13899984061964106545
13840082917789070850
13840899346060752140
4729756320662838348
13873867767835768190
13814948728256766278
4716948612877877646
4594846150596690584
13826646192951169681
13885240571716704177
4651335102751821400
4676608683552005454
4552312685562513143
13770481445749182969
13800423544042255104
13802596435745196488
13778351990483122470
13824060840751431522
4515429723259751026
13719499655236572797
13930813630463811348
13884476648855801885
4595233720455341589
4492496398991680890
13826458340693168872
4576100579190962885
4588984541692081752
13874468818952658505
4621174597596788588
13712560668655177019
13849090679567664638
4578931962271446367
13784935469066296243
4592188493759015052
13934399847953470680
13763931282723616394
13732855227081284534
4487882406887967508
4659235545550838065
13709746919501248211
4650157926257155979
4523511566224094237
4545567856265381028
4728654399347307664
13882016940736205398
13705760574874215267
13906536713768324317
13870812184929788246
13757820593266871897
13871312033033186020
4712874223933985464
4666248241788556014
4675706538119526888
4532507801315599322
4474274501971845824
4584201804609375471
4640876205229278692
13715930541759468292
13909137939672767946
4725740979507505106
13929986132957141000
4650324226050475334
13830298706187926553
4546027959778055098
4531996198033921542
13845416764496728197
4634157062166171044
4544920002037878203
4674986569649926248
4578829311453453048
13860036509190179542
13791974799108638759
13784613484512808795
13829595833566428640
4518043039556968575
4615668628837791040
4602950637680087176
4586083013030185911
4496933042602002869
4499543698293717981
13913962451990953967
4558088883929336818
4712860370143046541
13895431039504725460
4560760970423119104
4521671793775084589
4672934692456732618
13727678723567102470
4518703756263141572
13904399338119951678
4589268456844980385
13804012098666590776
4639498608996401617
13880578061413334116
13932882393086161208
4715031775958602495
4496547559205422612
13718922223736511971
4506048675588577939
4671598208602782456
13870744295746672734
4692755556291374480
13724029438247676933
13774804256542424734
13821613547435730581
4683776476850811792
13901652072781369349
4517393101915628401
13888949940693340138
4498011881716812927
4500919929145402294
13947904034746992396
13804710232129423134
4624974123003572534
13807707949270449727
4643591986575660692
13883498137560874036
4579620847634054695
13714320573763793337
13739230238103010397
4643540653863827135
4535199597836324363
13773360749771521363
4544758996145983012
4545718336179283167
4639916928524417839
4705210120668340179
4664384009194451767
13821249403807557334
4667960363554342656
13845382593783108009
4548519970208486682
13862055359767718738
13906275022673935768
13894271423845562968
4536279725656624543
4726022002082131555
13793758277019463672
4589626938138311475
13768376797832880271
4673893608108350729
4634470921276321971
4708254422868472347
4535138575920900079
13934387020036560030
4596434766596264842
13867694853228689486
13772553580411108647
4724252123649952176
13760844322112579192
4546533530944530400
4495393440935191524
13776831596890532624
13708986236166212807
4505283250989328231
4600457578438624246
4590837306236933889
13825263336361332619
4605225281054660211
4588300148518313102
4602257976637858010
4603355945141870570
4603361958575269091
4603778223387485308
13826400116578501508
13827293313603243155
4607241493132595483
4609130192095004864
4608371369246306713
13830754553768583650
4599818418838835792
13829985530992567997
13831170473116404154
4607864424638380175
13836027892043518675
13816145169795508580
4608377590926402624
13820962029118263993
13833199545443909833
4601994371781060406
13833628461019752414
4604774594286655811
4607086627343330134
13817401001735826825
4602781821718410063
13832652541842488672
13831767058995799706
13824753506225704755
13830200897519211737
4611411650276905123
13818283443389425519
4611551206268221981
13822166357089658462
4607534125207292994
4600547752500676211
13810537936292178600
13814645404259048152
13826654190278717430
13833108629557474834
4563126238434508074
4583080231316001118
13822381330062590921
4607749266998868074
4609351808096083391
13831864468050913653
4602208711233363911
13828929123447093483
13824493768945729518
4609652924858669321
4605078694572163703
13827734854558795839
4603331303297888074
4607876502643892217
13834221831669938487
13830701154066065249
4604829733624815039
4609140398579028757
13832892822171914503
13819558966085137104
13817439646972704880
13815688015623864409
13826522420232345904
13823058268125876020
4608437906060935343
4602699502321493057
13831105426994630560
4597040690802918802
4602957089143591667
13833001753203739189
4605685386929318844
4608796703294545817
13834996547126707101
13827032974709403279
4588246666125285512
13828260032821701942
4609982450758512449
13833844160519051303
4603983975752824281
4604594948926971725
13827977472785740421
13823891880937547244
4603241899085905157
13832364955322525417
4609803028307038409
4605974683134270939
13831973217382870809
13835302481631609439
13825908479727693150
13829117793194968867
4606193131940839958
13831365214276118821
13829317465150772983
4594720965611402164
4598234787009049244
13822645490168953638
13833069357241577275
13834570221101809296
13828966346536974650
13821418290369718180
4601847122859033943
4603426920906229548
13828626246485976412
13825799299707024505
4602618785211944320
13815740300198855164
4595003448445195154
4597657345338829271
13826227878644365223
4599329418707519315
4608091806422641708
13834345064284404445
13824728396200463293
4608097820599621205
13826224564482140376
4599974609174714022
4608714755201680536
13835353322750710055
13830904536939619826
13831859124560802931
4607313755435533830
13825032245049115473
4578583111791599198
4604520538340105530
4503964470433724395
4722731149203773665
13819909017900879066
4558131313178871748
13786038649386237014
13875204156569190132
4698102500532182293
13867008392121006517
4589214397063014739
4621192864926065421
13922024858643507516
13948452561409437884
13913656275105601886
4659645778122271467
13740855821493069062
13863927566942794722
13802516827079932607
13853430183937435915
4532258215066987754
4673266824388670059
4527522978138459387
4471957760810714567
13876007562803763460
13784090691000162015
13721703150123744303
4689120492429510311
13768010872777430400
4501422679030178130
13891339428249384356
13879812991927821602
13862237091301640155
13889667381930713607
13895023938357180308
13889951762370642826
4540102355297605409
13916853511417625464
4713456825872257748
13899701502397244979
4562529472999838244
13843604624468756193
13859629084578109935
13734051974060316924
13864235635196393852
4686721247615317411
4549447353957470554
13912177846609543994
4578720491798474633
4653935706121504155
13924591169558857473
13812151850741896970
13755594943372075567
4604597186909332632
13786621123456763156
4575033244522680511
4598305297665872722
13778846685692006620
4494927254095044406
13774348929569776218
4572315892795538044
13857283117701393498
13827348727652980994
13946292145033593998
4609850630593441700
13839076183236723488
4638849664580223307
13937654570480194480
13921782304851793241
13894915238772960754
4667571739633703810
13817508762133572296
13779695566070375290
13847256844279514447
4575328080390466099
13813132637864438929
4725228807435105219
13766962411106272446
13906284884567462985
4575014333745184635
13801985855858409356
13716001465738413258
4528297982250123195
4711395646762502672
4500766441853066161
13834258998286897814
13838722622951797617
13935702582186226940
13853463777687815488
13718374965835931332
4606088791585513258
4576752034499072204
13880636786957526687
13923977018100510994
13731451895421442241
4486381637118787384
13948163536617684654
13786884302406086134
13800487503446624533
4482834386599089056
13876925250447085565
13920967443583190682
13865223121626049946
13728696886343653846
4516404529919987120
4654822823620531729
13792362274007784698
13907015294583343530
4636649434512966782
4578223460832963451
4482977233119665277
4681913569338399975
13844858592817828717
13769177031491736565
4649146405724728261
4606896236202776682
4698641986486690678
13872860177988284053
13850467163545226574
13903727183552004125
13837875617280570758
4595724946363465785
13914805282385429176
4480371576462662139
4578249735359898962
4526923810186226353
4536667057092877698
13900239826393366184
13705097155409390081
13952709898340847203
13898152916964303678
13955013797298305983
13868685300180425984
13812720614429985955
4594906766226126366
4482750371113775206
13779129773190451535
13924813299286141340
4520095596723236076
13705080223880637017
13876323983367671352
13728342823829672350
4471347232999804569
13724065712079649355
4721606934897387828
13732132725447910010
13826879732896482269
13917287967057780132
13878582243345155952
13813620676555958461
13801036953883447520
13828238629350942810
4667444324918415046
4679458308122603702
4514279675264001932
13741149303957479181
13709421837537924418
4723215339682127286
4654726448738637014
13730301390585560923
4636673372624237347
4723418929922312984
4552314943831262793
4519401064263212543
13907261104363316794
4655447447680102783
4653900867899982394
13768672887319678095
13737757575647163798
13889608821094632959
13936577704388843261
13889171790468469925
13741705918853440366
13915840598236087629
4658071748960746243
4534130801915074179
4671072699867649568
13855238537336033153
13840130074644176956
13765385565017975220
13846262146938613606
4526944575030891666
13746671721630968646
13747509580798797350
4625683156492445760
4587090381458178892
4697461841040006970
4623487639821976882
4690911019330750450
4585784688889068008
13885200552767093234
4569931552603727372
13722575227312576469
13720881064183248509
13891919688189010817
13839435653434991592
13751646990945057333
4714094459931269399
13768789208802927754
4680297704827274900
4629370733455877930
13905663010654733296
4692651572065418587
4561857099906788370
4675347636688753603
4549468693466994007
13855065527694510221
13744641809569765135
13946327270462590996
4638576333259057358
13713722334191017396
4593701662159865655
13854561712198806931
13725148853466668379
13759065482248956796
13945532463975085724
4684545076009598753
4617738088431189419
4665216543560999721
4706678128230335696
4576896492585776901
4616018279288581679
4596444715275230401
13841816816079142572
4648692998393698549
4600329912892649538
4517282818559258665
4685161885557873840
13935382820052959274
13801410154618780754
13745421052035397597
4695709181038042890
4485703870756582297
13741109020906310191
4484447364600059344
4660887985017824866
4531231418412069913
4623289779380050395
13890383909168177868
4601519486424053491
4725218937452891752
13833706750192545910
4675428555104938407
13723469053119277048
13860664590568645096
13721523426275638788
4495652045642677548
4524437243193359567
4647857036927699745
4618385447062645338
13921320828655700820
4652482078101123121
13878085670591811581
4589804473958784385
4678939019357001769
13845018969686196287
4611945290664353847
13780379951700244059
13767102724153045382
4502424706429846301
13700627655193948428
4548226553151373439
4616912750640451252
13710181441388544755
13700616413631434217
13948914507254052265
4559680954073181165
13889283083274716962
13802540630484954268
13846856338712974500
4639200724464517017
13939446252660428303
13877500778240815716
13830114463244435617
13901860855846525616
4689741844261672791
13830872105644527672
13942972170080866561
4482131550950870588
13702598878801095924
4566730545519041020
4527240543596539185
4564749730135024502
13848418664850361869
13935334980962417930
4625379713210897323
4650256893031235410
13711935757286739145
13744224439861802097
4618167093226586038
4539859779419042552
4548508665051224948
4618207456302461048
4594919707762473518
4524085417597841764
4625199597594721604
4535891508770326585
4621561205510852689
13837297710782210132
4557726276394113287
13743318804766657130
13908256169973635439
13799927207719089393
13932817274935612331
4724895897489162591
13949366655849750103
13757688606922748347
13900386428468900180
13877244379602556326
4483453531966008325
13725311617504821274
13704786542705243834
13848619652427062717
4569152907744374948
13727350138956215334
4555056221882997892
4477330506602597626
13821918425827316044
13828291024712240523
4499651828363208818
4539190445032864211
4631917034737662115
13845460328291003928
4491089245331588915
4554539491885029431
4505168172108907748
13945829830072182005
4562165341632351647
13841145925398043804
13745307125425923451
13876719881926082624
13693228754736010679
13727137694015742364
13735468358480589305
13765178223647643620
4610258282494457598
13800649953148280385
13813218158515606503
4612505956151010917
13890965824328110478
13754896604653451194
13865726809328280354
13931508970461884794
13818743164228794420
4562917364476533997
13891321693968331583
4490809888137280730
13911206466587347208
13924148659161948045
4603434165409940242
4674338535015072206
13800032135913661705
13754955676729119423
4535857170289443315
4611925108691207206
13941349546860019212
13814268353264347452
13899182424599781558
13704032869396165955
4538601932085938538
13769486690824049972
4634163743602962576
13742461350076923443
4562300514104075803
4663565886891944240
4655670346295850284
13865628479549663653
4550447389538387548
13813003050315292816
4600626838786163731
4477129777208760805
13759830246888485173
13874494314441611855
13803538311306373058
4706986168383157660
13756513386237191202
4599113210670276970
13725809442439484077
4557666019851280799
4653544068766318384
13859360053353182719
13872685256795240675
13937219121962549205
13775262023403227379
13801200671324017336
4700166846269012795
4603517577528277862
13824499257014733346
4609550979678331919
13818904071871195154
13829957299561575014
13820640118341910284
4605782569840579975
13824835050794130999
13815877481379637147
13827418355439432145
13827238413934648603
4607370966542211767
13809341802453602802
4604644825828259574
4590143610180382101
4610518873194242873
4609020036129677657
13826729977561133832
13793301891437812853
13819104393395622346
13826663302818656840
4591325130105446594
13827221833199050051
13828182243799200307
4594007824132566468
4597193551368509379
13830033388265273457
13821221235244125649
4601046381205743617
4598350270546606499
13833107305913438056
4603016766756412275
13832320089999237346
4600160820319770319
4603096374735682316
4608014876992822042
4586135611308486121
4604804385971082601
4608807833603295910
13835040618342194658
4605998706585898952
13830537110519794039
4605651007245205563
4606171232886885689
4607437303226631791
13826304421408506154
4596724248031177759
4609723627642601563
4589552156233397184
13827228257576096777
4600074117303149042
4607299285092167308
13825396069106375571
4608318856055137768
4609040401335499625
13832925263365291908
13812985389309624609
13830566163273630277
13818622143736333322
13832236446794844468
13834584311184159093
4608081832184990522
13800482196194857311
4602218371767550787
4608632734838207800
13826027858694273202
4612733924139084723
13783362915958968794
4597290013311215740
4596409465023016550
13826597896434271886
4604435404035937076
13832212614579301714
4603901417450749058
13833941202493202592
13801348936770803301
13835148463891362802
4601190067793510139
13812235122533996611
4604056555669951710
4594038367543520429
13825586049260506635
4600731817968647249
4609429738363579756
13835203047425156481
13831515500949646893
13823121480709761454
13831398405118966052
4597563581494971481
13827772832542691613
4607804975328314670
13826163440150863362
4591664728317819449
13815105859264796244
4607230234202777164
13825529688311606240
13830286714775732315
13830369492148664623
13823629168781661994
13833840090098192387
4590155108001506073
4613016878702658936
13820724628564087608
4609316060180142844
4591574754228753039
4590191255119352060
13823847009777999783
13833772877075699545
4602907058353216247
13827382805998011977
4608885699489611007
4600724347832326516
13827596597651003068
4606601373440363086
4604413088435518191
4612633387304800524
4609337934545966469
13825008330207536600
4599283614495863467
4600943121953618017
4604703151210709020
13817053436422477907
4613079885506586608
4600403945130688095
13832159785090294285
13822847099217891701
4602545155959252246
13825754738555371435
