# Vitis BLAS gemv verification input
# IEEE-754 bit patterns; M*N matrix entries (row-major) then N vector entries
# cases: 0=ramp, 1=uniform-random, 2=wide-dynamic-range, 3=cancellation, 4=discriminating-0, 5=discriminating-1, 6=discriminating-2, 7=discriminating-3
# n_cases M N
8 4 64
1065353216
1073741824
1077936128
1082130432
1084227584
1086324736
1088421888
1090519040
1091567616
1092616192
1093664768
1094713344
1095761920
1096810496
1097859072
1098907648
1099431936
1099956224
1100480512
1101004800
1101529088
1102053376
1102577664
1103101952
1103626240
1104150528
1104674816
1105199104
1105723392
1106247680
1106771968
1107296256
1107558400
1107820544
1108082688
1108344832
1108606976
1108869120
1109131264
1109393408
1109655552
1109917696
1110179840
1110441984
1110704128
1110966272
1111228416
1111490560
1111752704
1112014848
1112276992
1112539136
1112801280
1113063424
1113325568
1113587712
1113849856
1114112000
1114374144
1114636288
1114898432
1115160576
1115422720
1115684864
1115815936
1115947008
1116078080
1116209152
1116340224
1116471296
1116602368
1116733440
1116864512
1116995584
1117126656
1117257728
1117388800
1117519872
1117650944
1117782016
1117913088
1118044160
1118175232
1118306304
1118437376
1118568448
1118699520
1118830592
1118961664
1119092736
1119223808
1119354880
1119485952
1119617024
1119748096
1119879168
1120010240
1120141312
1120272384
1120403456
1120534528
1120665600
1120796672
1120927744
1121058816
1121189888
1121320960
1121452032
1121583104
1121714176
1121845248
1121976320
1122107392
1122238464
1122369536
1122500608
1122631680
1122762752
1122893824
1123024896
1123155968
1123287040
1123418112
1123549184
1123680256
1123811328
1123942400
1124073472
1124139008
1124204544
1124270080
1124335616
1124401152
1124466688
1124532224
1124597760
1124663296
1124728832
1124794368
1124859904
1124925440
1124990976
1125056512
1125122048
1125187584
1125253120
1125318656
1125384192
1125449728
1125515264
1125580800
1125646336
1125711872
1125777408
1125842944
1125908480
1125974016
1126039552
1126105088
1126170624
1126236160
1126301696
1126367232
1126432768
1126498304
1126563840
1126629376
1126694912
1126760448
1126825984
1126891520
1126957056
1127022592
1127088128
1127153664
1127219200
1127284736
1127350272
1127415808
1127481344
1127546880
1127612416
1127677952
1127743488
1127809024
1127874560
1127940096
1128005632
1128071168
1128136704
1128202240
1128267776
1128333312
1128398848
1128464384
1128529920
1128595456
1128660992
1128726528
1128792064
1128857600
1128923136
1128988672
1129054208
1129119744
1129185280
1129250816
1129316352
1129381888
1129447424
1129512960
1129578496
1129644032
1129709568
1129775104
1129840640
1129906176
1129971712
1130037248
1130102784
1130168320
1130233856
1130299392
1130364928
1130430464
1130496000
1130561536
1130627072
1130692608
1130758144
1130823680
1130889216
1130954752
1131020288
1131085824
1131151360
1131216896
1131282432
1131347968
1131413504
1131479040
1131544576
1131610112
1131675648
1131741184
1131806720
1131872256
1131937792
1132003328
1132068864
1132134400
1132199936
1132265472
1132331008
1132396544
1132462080
1065353216
1056964608
1051372203
1048576000
1045220557
1042983595
1041385765
1040187392
1038323257
1036831949
1035611788
1034594987
1033734617
1032997157
1032358025
1031798784
1030811889
1029934649
1029149750
1028443341
1027804209
1027223180
1026692675
1026206379
1025758986
1025346009
1024963622
1024608549
1024277963
1023969417
1023680776
1023410176
1022901776
1022423281
1021972129
1021546041
1021142985
1020761142
1020398881
1020054733
1019727372
1019415601
1019118330
1018834572
1018563425
1018304067
1018055745
1017817771
1017589509
1017370378
1017159841
1016957401
1016762600
1016575014
1016394249
1016219941
1016051748
1015889355
1015732467
1015580809
1015434122
1015292168
1015154721
1015021568
1059457307
1060295683
1057086407
1055967109
1059984776
1058576109
1057331850
1058703673
1027388000
1041862788
1064164780
1046919295
1065245593
1062477385
1065267321
1053520844
1064316087
1061847894
1058358250
1058085017
1063590497
1057281182
1057120566
1049754994
1030282140
1063872951
1061420457
1063908272
1049643671
1060996674
1064169992
1060358108
1057951076
1065184977
1049254055
1041012007
1061256073
1049085282
1059753337
1060988622
1060129910
1048779532
1064915096
1057569910
1060390603
1058964930
1053825450
1065198557
1053294543
1057598843
1061638070
1062833196
1037052006
1062995590
1063577123
1060245245
1057966029
1062482252
1050017545
1026692255
1049798952
1051408004
1064529119
1043266542
1054563980
1060821820
1042444673
1060066012
1059858747
1060878828
1058416951
1062038371
1056326489
1059816625
1058277039
1055110256
1058444734
1051716680
1046914129
1061188078
1060260699
1049780542
1060361591
1057585282
1062523431
1050054953
1031862187
1038192481
1060207841
1035259614
1059257930
1053505422
1030508824
1031022443
1058758772
1048040333
1037136639
1061291926
1051481997
1059437382
1061588477
1045419055
1034346680
958427843
1056606019
1061741358
1049386225
1008284133
1051884926
1045008351
1043706882
1063353240
1051151225
1061396594
1062525392
1059325334
1061701393
1041568020
1061608969
1054530304
1059828690
1051002249
1050261879
1043425505
1062265878
1065280844
1061868277
1063172829
1061654739
1061486435
1056897144
1036105885
1041459749
1049011074
1051101432
1060632619
1053685132
1056977780
1051567777
1056407752
1036688335
1021609924
1045146310
1059682307
1062126045
1060280730
1061220727
1055414250
1060372032
1051815892
1040450095
1049725992
1021213246
1055350728
1056728693
1050802239
1062411186
1049004588
1060627352
1059543858
1033472516
1059055466
1058548839
1058291435
1064355182
1063866131
1064366405
1050311927
1065081078
1064584511
1007386660
1061289246
1059618554
1056877469
1062182843
1043246168
1061156449
1039470499
1064815839
1043028563
1046236188
1059003524
1064318026
1060893629
1062537329
1062630467
1015818670
1044568130
1051333889
1050797195
1052292967
1059572114
1060590486
1062357117
1042265433
1058886501
1063444373
1061927575
1049851020
1063141677
1058401988
1032022819
1060729234
1040627093
1058069824
1063656777
1062538057
1059991051
1049884296
1061803772
1049735806
1065124465
1061189928
1051038530
1050100708
1054831138
1059402795
1053630868
1051823790
1041153321
1053480824
1015389988
1061626126
1064458466
1062829852
1061956243
1049912108
1062069444
1043653495
1064105533
1060792560
1052992462
1019094200
1047775035
1062236718
1049053437
1048532144
1055380138
1063863957
1042929311
1022958063
1061103612
1059056810
1062798649
1062830987
1055738871
1048826444
1050522429
1062383514
1061224589
1051471527
1061674718
1042047312
1043776248
1060813318
1064516622
1061536479
1051895019
1050296474
1051129849
1026567422
1058247595
1057869915
1056216142
1055354846
1049201030
1051855078
1042628795
1058072682
1062899645
1051069938
1053286219
1060153183
1063246806
1055912078
1061236981
1049784670
1047137916
1052712586
1063360316
1062317070
1064683512
1062353241
1060625429
1044853320
1049155440
1060398068
1057233738
1032236826
1058330337
1054090775
1064625226
1061533310
1058149004
1064953904
1059870758
1043851775
1040402374
1064427922
1060470542
1058723978
1065270197
1062309277
1050996294
1036908677
1064374154
1042704020
1036991400
1059477281
1062370788
1065038472
1052970623
1059814000
1029754575
1012448164
1060901102
1062119197
1054094326
1057135740
1053519849
1074087728
1106970817
3044136752
3344499328
895182243
3148618046
1179642270
1011595402
3223302405
3277537383
1089834816
3073532292
3216528303
3216966366
3038976648
3154345511
1124163338
1199242015
3079339140
3149301814
3205090704
1159982054
3380503010
1008966870
3139455637
933687737
3183533080
3153632785
1147409734
1015196123
1124474467
1078308117
917483615
976749946
3062230088
3324947252
3162961012
3182280004
3188626870
921038893
3182435268
1059008541
3128295983
3301499070
988751602
1201033279
3271207995
3075755411
908416862
3385745780
3263478071
1030470352
3232545448
1182920146
3071338134
3303023375
3355318482
3266616254
1229561143
1081368830
3250380885
3104574252
3031483723
1047524647
1095116045
896585269
1153235539
1224743852
3316340394
1205634645
1242949722
1138902099
1192632058
1023574190
3063552366
3090130073
986588887
3087145743
3105074356
985694948
987954176
3350246259
3141708183
3201410022
3091778311
1074745903
928451515
3359592240
3251391107
3135726416
3062781921
3031410038
1197146771
1015585461
983698773
956683917
1125948754
3081239949
3046529351
3132748567
1161235017
1062432211
1146074287
3170977084
1134515035
3308101845
1156394481
3264618893
3152399405
893616345
937417932
1095325562
1112921252
990911728
1085862377
1124593060
1129969165
981530268
953165114
3335614587
3352811774
3117555491
1037898909
3130718350
3285524179
3227713145
1209238872
1191619593
972978734
3224940781
1088714320
875674723
962572584
1169834127
3120366416
1221231196
3112538916
902942639
3382979669
1132896579
3377596754
3300079317
979595950
3366915746
3212254532
955876595
3043973075
958750070
3371273841
3060208383
987573998
3041058648
1202071539
1174781763
1126764230
1219500250
3230966262
3040534459
3160267717
3293240866
1179257662
3381591196
907766939
3237945833
1067855638
3333597668
881004477
1177483811
901428501
3297551724
1025554371
1009921766
3348897394
3152584418
3075568528
3053164883
3211999335
1013890463
1127436560
3240047388
3165129954
1032603144
1112545333
938763430
3085133197
3032476237
1173045412
997285244
1178434453
3313724673
3344898355
1059811533
3066107621
3188382050
956346683
1044410942
887350876
1171738474
1128468225
3320527468
1058700694
3315953843
936557292
3384775387
3184466194
3180176952
3058876765
3151509330
1171317376
1068096287
3254459639
1205041891
3045190540
1054198154
3017704350
1146298136
893488128
3288676704
998415852
960187495
3198625837
927758352
3235398551
3248523156
3385673223
885968258
3381173184
1177077902
1010336342
1028032869
1070884461
1146861618
950665762
3171084840
1115702064
1234975550
945697214
3057283864
3156497028
1091113528
982932658
962486116
3250184880
1199947073
1002438399
939049898
864887564
3062906011
3374092101
1116180659
3155364979
3215117181
3194529120
1166382672
3188265377
1155312656
3196643086
3218845081
3201461815
3171183012
1042174602
1065863354
3213531320
1059397623
1047003359
3208366474
1046770933
3198381972
1055798102
3205360227
3198477249
3215650583
1057909406
1026446276
1074473752
3192691197
3214847694
3202201231
1065051252
3214998963
3206211986
1050395406
3190648175
3210612590
1064862242
3205428721
3197207781
1073856892
1053581743
3206982916
1071845155
1063360043
3214965975
3217304028
1044126728
1061234229
3202607505
1050122619
3224730962
3204050415
1052718569
3191113346
3209790850
1064659297
3203269306
1066960575
1074355817
3195919588
3202773813
3199139781
3216803469
1056264956
1064477385
3212183822
1071649093
1062539203
1043248398
3215983737
3192843687
3204390331
3377003969
1229520321
1227831621
3375315269
1224331211
3371814859
1232374863
3379858511
1233868603
3381352251
1229363718
3376847366
3367363159
1219879511
1222668718
3370152366
3377991276
1230507628
1234327241
3381810889
1220845929
3368329577
3392575689
1245092041
1240420041
3387903689
3385245460
1237761812
1220216689
3367700337
3348600994
1201117346
1195913235
3343396883
3370909972
1223426324
3375309123
1227825475
3351714827
1204231179
1237176314
3384659962
3368915731
1221432083
3382081923
1234598275
3373120137
1225636489
3389268220
1241784572
1213717461
3361201109
3360092593
1212608945
3369784860
1222301212
1222801505
3370285153
3385611562
1238127914
1210291150
3357774798
3363722495
1216238847
3365939495
1218455847
3376945494
1229461846
3371174722
1223691074
3377785417
1230301769
1227634650
3375118298
1232805153
3380288801
3382364243
1234880595
1199602554
3347086202
3376656599
1229172951
3384863311
1237379663
3320936299
1173452651
3365295418
1217811770
1217777169
3365260817
3385873823
1238390175
3375790949
1228307301
1230445288
3377928936
1227242916
3374726564
3368517407
1221033759
3386493851
1239010203
3340675627
1193191979
3390568805
1243085157
1221257171
3368740819
1244296099
3391779747
1234879987
3382363635
1236697974
3384181622
3381321426
1233837778
3371927024
1224443376
1233429836
3380913484
3386864710
1239381062
1203931562
3351415210
3372886878
1225403230
3348936687
1201453039
1242171384
3389655032
3360578997
1213095349
1220388230
3367871878
3362269295
1214785647
1182704682
3330188330
1218177426
3365661074
3356842356
1209358708
1217632842
3365116490
1232235478
3379719126
3372897350
1225413702
1216919121
3364402769
3378479873
1230996225
3372306367
1224822719
1232576744
3380060392
3371453830
1223970182
3387155308
1239671660
3385148744
1237665096
1213563865
3361047513
1183056888
3330540536
3382718208
1235234560
3380166035
1232682387
1234469653
3381953301
1226804053
3374287701
1216448277
3363931925
3389575996
1242092348
1238069010
3385552658
1216661402
3364145050
3376414737
1228931089
1228486024
3375969672
3382298623
1234814975
3374176264
1226692616
3352090749
1204607101
1232266761
3379750409
3347977258
1200493610
3392325432
1244841784
1233701744
3381185392
3389224896
1241741248
3381956088
1234472440
3382707839
1235224191
1227395136
3374878784
1154750752
3302234400
1222251859
3369735507
1219531717
3367015365
1239679031
3387162679
1197900402
3345384050
3347517913
1200034265
1218138132
3365621780
3314040428
1166556780
1233239573
3380723221
3366500711
1219017063
3367713139
1220229491
1237933421
3385417069
1222382939
3369866587
1234254551
3381738199
1238032901
3385516549
3381539595
1234055947
3368610732
1221127084
1199956999
3347440647
3351693454
1204209806
3389246328
1241762680
1223915077
3371398725
3366954108
1219470460
1225761130
3373244778
1218136566
3365620214
1065353216
1065353216
1065353216
1065353216
1065353216
1065353216
1065353216
1065353216
1065353216
1065353216
1065353216
1065353216
1065353216
1065353216
1065353216
1065353216
1065353216
1065353216
1065353216
1065353216
1065353216
1065353216
1065353216
1065353216
1065353216
1065353216
1065353216
1065353216
1065353216
1065353216
1065353216
1065353216
1065353216
1065353216
1065353216
1065353216
1065353216
1065353216
1065353216
1065353216
1065353216
1065353216
1065353216
1065353216
1065353216
1065353216
1065353216
1065353216
1065353216
1065353216
1065353216
1065353216
1065353216
1065353216
1065353216
1065353216
1065353216
1065353216
1065353216
1065353216
1065353216
1065353216
1065353216
1065353216
1085883059
3186047702
3212784340
1139040252
1111696207
3313079635
1175979105
980624870
3207010741
901019969
1037463604
3102764366
1037323669
1142459924
1112948264
3319400874
3292799614
3301297744
3187993319
3146872069
1066152299
3273140401
965944725
1061848580
3198158859
3310847278
3167619018
1144495451
1097317456
998257402
935968599
3180898649
3129947553
3196765640
3303830236
3121496639
3185708971
3095859765
3182753007
1152437726
1110645346
3244238021
3109000162
3128398182
1167810497
1012144042
3092031523
3225414233
3259829004
1135607091
3134222965
1051433748
1116611494
3208644423
943014115
1066952572
962305816
1122737177
3155373679
3234112421
3330050688
1088012581
1183084614
3286826850
3162073833
1069253307
1049237004
1091004474
1067399964
3260712249
3099964093
952439935
3108331713
3207474348
933761580
1081970142
959797815
3276963809
3279890336
1178375048
969662297
3324241495
1095838787
1165572402
3105326064
1065483899
1086704278
3187505310
3265755070
1087580242
1145178887
1008517234
3221627873
944333244
3242328511
3328384963
1057765382
3238645384
1112634469
960635772
3238637728
1026879391
3267099000
1119094689
3324716872
1163953582
1014372624
981727399
1033874247
3181868931
3173211796
3202519464
3155210897
1035036355
1018718058
1014432200
3249119258
3255545178
985773995
3182894250
1078109646
1023723334
1140082296
1171813840
3147497395
3213396071
967360714
1015364524
1123159498
3105833972
3112211801
3264181711
1118820850
1034486161
940571090
3142973600
1142862994
3213634750
3092402066
1067616392
1153774335
964438120
956212106
986721029
3142279727
3205020254
1009225933
3192177540
1000104873
1121667584
1068103339
1165129661
955694422
1119167680
3264040319
3269990311
3191882289
3328338169
1151026325
3174247059
1084891314
1044378024
1118633729
3307036367
1089688739
1154472205
3146489254
1163050257
3236443345
1023163687
3326618811
975391595
1013098808
3161276212
3214358138
3316328934
1029335029
3138131061
1184129451
1169935939
952069485
1090359939
983650578
1043722441
3213459500
3295105586
1124684292
952577209
1030005081
1040538083
954719179
3227051931
1030246806
1037013623
3203446388
1044954027
946718894
3155916574
989002557
3192302166
3092204608
1171767950
965294170
3232674514
1029222116
3194108121
1033366173
3262372338
3155550614
959584960
1068065095
3114080404
1156581400
1180205371
3177053629
3188536452
3273555886
3090487976
3250463284
1070875857
981564595
1098175421
1058205477
946971884
3120781696
3186791909
3227498301
961322105
1000521606
3172287015
3272056155
3293596697
3244422514
1053075719
1178722508
3297189933
1168361409
3220234784
3208061293
3227624388
1099595782
3115385186
3100383360
960479223
3189286963
3158158407
1112726410
1083176932
3280093894
3104920711
962284166
3302106013
1057992084
3069051874
3322392497
3206287058
3186047160
1053316932
1054638169
3217611207
1069824061
1060438720
1065992680
3215251347
3212171833
1060404600
1061395668
1059999038
1038456689
1038494517
1077653917
3202432842
3187597549
1067572441
1060200680
3188986007
3212168744
3220898536
3185009026
1053314096
3189011908
3190847619
1067748803
1069491329
3207969584
1059812775
3212225913
1060864012
3200079465
3181429752
3221623568
3223619505
1062663934
1062744583
3208227489
1037540867
3198654317
3190790366
3197168990
1043446565
1051004053
3214665790
1064542819
1066482927
1052558100
3218641681
3217131354
1042874920
3213863659
1033353163
1057671138
1052885427
3205829851
3203409443
3177303816
1050277690
3188215512
3213629886
3182104970
3219224334
3103264886
1157661805
3091598299
3213486785
3096202170
1029889777
3182643137
1111348144
1167293983
1061140140
985339874
1183316387
3151858989
3154354117
949045019
1065267768
3238569570
3126723289
998783325
1095431021
1124324345
3228902450
996007273
1076778805
985289286
3202035313
1023952260
3154584077
979622762
1124428103
3119701536
1175061813
3245222377
1058677627
3231430507
967085058
3163901053
960513626
3175684155
1004976794
1064066546
1075110732
1086017169
3062430686
3122167462
1002960961
3273889909
3155607464
1036914827
1083435062
3205865003
981497000
3159533348
1117548944
3262196495
3246852336
3163623678
1123334343
3128031790
3118121355
3281026336
3220642289
3079818587
1063326524
3248225060
1040809180
3175654873
1181388681
3205842660
3297571431
1087896649
3164362465
1073790952
1184661511
1149123946
1124750421
958053458
1030620776
3175698632
998999260
958749020
1124916350
1110313602
1131286809
3095496615
996256646
3229733732
3164399710
3167073324
1076615278
3289059510
1094286589
1100268742
930466386
3236550870
1113477105
3325449477
1142137951
1045924802
3103271967
3159156907
1028224610
1018933104
3105636479
3288555752
3105708458
3114234158
1100694201
1050671641
3189334832
3263063510
975348484
3209373473
1058867958
1091875994
989751050
1036667354
3228757767
3259781257
954418736
3213942284
1062006019
1042531383
1097558074
3191151045
3210127472
943118149
1172172570
3205412733
995692955
3316657065
1120017886
1164281657
1056276195
3098443668
3184044695
3307980851
1001256011
1102920949
3322656222
3286998818
3159697474
1067348969
3249538166
1003089194
3163641201
1111396743
3279051315
3162612426
3163920652
1010005876
3130606662
3217191338
3072481620
1143695488
3213878509
984502787
3198812131
3106726564
1119870262
1153181073
1110157645
995532391
3222608520
1122071769
998638398
1135876804
3123198252
1097292166
1172468433
3078687806
1129223598
1167826143
3181056923
3163828745
3208921790
1112245292
3287464840
3148058602
3320478843
1096846487
3135619037
1177238610
1096003330
3307760460
3291527509
981186280
1029156645
1180981520
1015347874
1100431178
3082491394
1001744884
3268006043
956163750
1151096871
1009483068
1116787128
3107335307
1126228387
1134145388
3136061624
3199234346
3273645185
1096800630
960775775
3252174809
3096329374
987010111
3299650122
3274265601
1084571746
950594437
922540258
3149399369
1114757745
1058661503
3180502435
1089373546
3133044445
3303418812
1169279688
3109816539
3194375037
1013708934
3078675500
956166762
1100116237
970063972
3083363020
3146243900
1141100143
1064322755
3104834961
3154036362
997607528
1177844073
1087180779
1093238958
1123245587
1142320963
3215479956
3306967690
3080169491
945342776
3253203898
3112628315
3116683684
3145014433
1017121032
3213473965
3310486818
3202442647
3228950133
3111499438
1066973097
1057750481
1054269512
3218646053
3192512305
1062115206
1039333904
1071871800
3213075726
3198198817
3210583065
1060068485
3209259777
1071666524
3218612831
3196447670
1054111678
3197634742
1056891620
1058720350
3216589077
1065751223
3204396787
3216777431
1056533247
3212356656
1050447675
3212037006
1060781463
1061116439
3199596744
1065536829
3219649486
1077513739
1047074055
1047608489
3198389433
3209954929
3218044757
1045623626
3206734525
3169976635
1061414053
1035601322
1047201509
1052911564
3221507665
1051851045
3196201167
3213396164
3215943807
3207443315
3213875737
3208290801
3221299939
3209374695
3200355115
3213515096
1060782897
1061527797
1058698698
3218527103
1046584940
1068178193
3213109627
3139760725
3272599925
3081927741
1015527998
3213414390
1048629704
3293993862
1161031230
1114493571
3168955871
1150708390
942156011
966720291
3162610953
3187849777
3106238490
941397509
1062006488
3176864010
3165184648
915374124
1140813692
982300081
1059304644
1096483709
1034577898
1017559896
1094354148
1178275673
3272128725
3204716672
3173842251
3132947246
993696174
3202062773
1058722924
1117097433
1028461854
1115618008
3248425523
3155869839
932681235
984624156
3238986525
1111409604
3208441476
1045764614
3228082889
1092361883
980477924
3258298936
1153605886
3152383534
3283524559
3139004394
1003526522
946314422
3171452611
3300168915
1172922956
3284631463
1169396993
956589638
1021727388
3303574985
1047990078
3167558211
3239948394
1029952533
1096363132
3124715770
3131682373
3214775502
1084717395
949389066
3274205253
3157317954
3131985243
3188631953
1103619080
1074110628
1066438496
3193387532
3099961501
3131751157
3155216287
3263192617
3161868488
1120369392
3212144509
1174943368
3323021888
1057717813
979793534
3184076780
1140139312
947578205
1127212616
1015330934
930664767
1101561761
3323154754
1074372924
1150803554
1090722855
3300955049
3087641152
3086064414
1149653711
3100579231
1150442324
3132008514
1032512460
3288172717
3051603689
3218995859
1018289224
1015946264
3114164571
3315584508
3246749951
1142892269
3131944863
1133222247
1136301892
3127609990
959278523
3177675221
1159229791
3307236882
1083026491
1047349780
1113462157
1051956751
3305956145
3247709364
1095329469
3166741538
949553456
1096460415
3317273175
3293166267
1040739014
3286538584
3323686424
981798412
3231942656
3154977140
1174746161
1015915133
967696035
1174189496
1003866759
3104507626
1125976916
1118756786
1109649900
956690032
969051170
1116238213
1179565459
1087970422
1030339754
3331072634
960597217
3296918657
1158059637
3214028565
3094708469
934068501
1015737187
958091922
3089584962
3155126524
3276021090
1116667076
3299582093
1019711495
1128227367
3166270085
3159768714
3246605240
3305015430
3121173850
3289102875
1119743425
1124528041
3258038056
1009153421
3253749129
3259496116
3139281789
3291130985
1026260184
3237087353
1153994946
960999614
1004458891
986650812
3257788710
3240700896
3154690629
979301603
1007640187
1102030400
1039414615
1019048823
3159172146
1125850097
3163617828
3226758440
3202887295
3189824268
3262135507
3156391786
972563300
1059968950
3245182334
1075548199
3316784933
1009347658
3223579649
956590474
3213777797
3270520119
978552877
3162828189
980132992
1140367838
3123440478
1142714304
3113648088
1107289575
1028882173
3285311202
1026308476
3109205017
3125183219
3207887365
944767665
955653873
1127164385
3119737415
988816197
3324551129
3324238782
1034197034
960929215
953267808
976825141
3247894190
3175183169
1015076524
935249963
1077775398
1082856535
3205666907
3193708519
1040994222
1072958764
1053134734
3197636003
3196754475
3210585936
3196445097
3205710690
3214093205
3214834830
1073313106
3194994285
3170634402
3200364192
3205472687
1057916319
3207255173
1060540079
3211815844
1058507817
3200996536
1058589454
3223402439
1063971966
3207892902
3219941249
1058231835
3211994438
3207699743
1038241319
1070779278
1075182949
3196038369
1068550917
3200501534
3175765393
1054984137
3197537047
3197440676
1070525335
1050057918
3209177940
1066962729
1057097569
1068186417
3210900723
3207909100
3206744995
3188370378
1049356871
1067668177
3210820463
3216716627
3219168495
3214997440
1048236749
1069245142
1072998303
1045550455
3203955634
3213292070
3205644074
1016127175
1006935916
3285506620
1066207780
938670174
3292577785
1024192374
1093204077
3332866748
1179474038
3214690043
3306221763
3264679918
1036829368
956046932
3256577847
3230913576
3176543322
3290263316
3115772525
3325539567
3086325314
3147371185
982466976
1170524061
1135726842
1128118449
1083629908
952736467
3134306510
3213015746
3090372094
938671890
3264164996
3267838006
3321711569
1080600119
3090895677
1156693538
3194295326
3148676633
3322568235
1067025683
946045198
3253602812
3109238436
924180230
1057165318
1109065798
1132210598
3177809698
3328606425
1155751424
1117847617
1108593270
1013354430
3134965014
1032560661
3182930634
1019616081
1178177586
3147136627
3071370886
1131163461
1084338247
1092015608
1015864991
1137479160
3214723320
3252661209
1047059170
1036397426
1090948234
3122245199
958233659
3106609868
1005087796
1075274888
3298250924
3293655125
3302726264
3240309314
971007803
3206308379
1067260918
3318395318
1158726968
956905345
1136198653
3266269823
1087735214
973769482
3272787060
1107617153
1060993184
1162589990
1160491971
1170580141
956226010
3237932424
1125039816
3259504883
3246895496
3186013881
1165433852
3226951602
1098979042
3257742984
1053758286
951068023
912096169
1070016509
1056269301
1169979187
3206883823
1009965277
932983473
3202914559
3075590979
1172521054
1093985678
3180410298
3322158413
982258564
3276311912
1012669341
3181433358
3300000181
3075192122
3190595613
3241874329
1004690423
3149219833
985014391
1014062143
946452822
1015394233
1022057177
1043388008
3102589090
3291557661
983105453
1132694475
996641844
3155785282
3099986922
1047583932
1183006361
1057844936
3102291155
960167908
1115912925
1000902662
3167734939
3177175939
3218250702
3124721481
3149162427
3133703179
3138397828
3279144047
1056528416
3092615865
1148842192
1175514373
1135132930
991979259
3097835000
1062474744
3129982511
3093091106
1056841106
3262533810
1115937162
3205937858
3290892681
1137583062
935876890
950251652
1150470422
985498972
992058702
1183208443
928439547
3212734242
3187901784
1065591618
1143526155
3220571199
3296877533
3303461493
1042695408
939778723
1121232614
1178341707
3174493438
1147813405
944037510
1081652265
3270397567
1158194183
1095176603
964766473
1065455623
3121464212
1142655985
3174892199
3112611236
3123261299
3099765688
3106215085
3273566941
1141524971
3162112324
1028526082
1160927393
3245221924
3133863850
3118488880
3116256819
3206201891
3226818680
3206420848
989662216
982826089
1042270594
3255142678
1124556951
1143387269
3233476604
983459426
3325388966
3250266859
1153188740
953132714
3141114718
1036786125
3169780945
3126500960
3317904200
1077272671
958027434
3197766411
3238985153
3243107616
965805732
1107407722
1102241155
3332185896
1183169333
3189297113
941953337
3175541489
963072985
1114782555
3202015579
3201352631
3205474847
3214835207
3203160156
1063235124
3209654166
3162654950
1072954279
3205803419
3203528051
1067291376
3208748518
1033834734
3197773151
3159488807
1072911539
1037277893
3215497585
1035160430
3166687804
3212524306
1054659397
3213935142
1051777526
1070174728
1064793976
3205454216
3210119175
1061989029
3224216839
3215155298
1048068155
1048827631
1058167735
3214161662
3198493803
1051812302
3207379750
3209663017
3216602223
1060762721
1052332691
3201851566
3217570294
1066811822
1049849571
1063557713
3208429857
1051804229
3208493811
3196262113
1069786160
1042001669
3206867664
1038012652
3203909605
3208083951
3215415644
1053516960
1056458527
3204357494
3218670139
1069179205
1075327092
