# Vitis BLAS gemv alpha/beta input -- IEEE-754 bit patterns
# per case: M*N matrix (row-major), N vector, M y-entries
# then n_ab (alpha, beta) pairs
# cases: 0=uniform-random, 1=wide-dynamic-range, 2=y-dominant, 3=y-negligible
# n_cases M N n_ab
4 7 128 6
1065085651
1052650116
1063796334
1050416376
1046786941
1052249007
1061155794
1060600486
1049540208
1041544719
1053340117
1051828855
1062126650
1049220036
1057987506
1062524459
1033477755
1032533773
1051484943
1060379697
1044146759
1058734016
1056160966
1062148812
1063364933
1058014995
1058710495
1061044489
1042960313
1051008129
1043550841
1064368188
1064228137
1060861074
1062367620
1062300686
1026427292
1059363159
1059104581
1052244294
1050354644
1064011020
1053908027
1062023052
1050749550
1062537538
1032670126
1048282594
1060828892
1041001130
1063629449
1060445942
1062401129
1049917201
1053652419
1053815960
1064281730
1063059501
1043285315
1049625884
1060296446
1061136207
1055789651
1054657626
1059135352
1041795730
1037560559
1065102008
1061656048
1061557556
1037721897
1062401745
1062266938
1059661310
1056258723
1033526930
1052855639
1056239807
1050173000
1054482658
1062703988
1062261755
1044173931
1058576937
1055684787
1043853537
1062220107
1063109873
1051857312
1061561483
1063744872
1056646798
1049070535
1060152058
1062366169
1064286874
1059084854
1024352789
1055870352
1057908445
1054749409
1047478107
1056272215
1051800241
1041086755
1057167597
1059378871
1060808042
1055521899
1060424456
1058666682
1006768859
1062163248
1065337662
1056843350
1057423510
1054840784
1058672372
1063253435
1052571982
1046049206
1041051430
1047107759
1034469625
1062218891
1050930156
1057692640
1039733985
1062924478
1043500471
1060401997
1058229430
1062154197
1054204318
1048666755
1057346407
1013338220
1059247909
1017147419
1055687367
1037837843
1053190786
1063201821
1060890918
1040004740
1049930390
1064398431
1064701436
1050438771
1016051738
1065284966
1060124885
1064897052
1063139738
1045849039
1061108254
1061924152
1057334696
1063257230
1048723749
1057714737
1055015372
1042673754
1020299864
1051718514
1058241696
1058633344
1058110796
1062509441
1026588510
1063329049
1064958291
1062761487
1063784634
1046356808
1063763588
1041802988
1039901049
1061170198
1037196817
1065320816
1059767381
1043571153
1059528773
1044797697
1053659866
1064366150
1043894597
1052388585
1040671385
1065233198
1043132106
1059882214
1057441140
1061322972
1058981535
1055360801
1061912347
1046458963
1058241699
1044025835
1028133701
1058063192
1062609745
1062949001
1056448889
1035322939
1060391729
1060507034
1015323794
1058566512
1061005664
1060336570
1045755180
1046529346
1043547923
1059200702
1060154815
1059423535
1060084525
1064489575
1063886730
1055003524
1050103555
1059519577
1041453186
1057790139
1054351796
1063306391
1061985124
1049774849
1062035636
1049020570
1058917080
1064626160
1059408724
1063432400
1045738721
1061142585
1052445702
1044737370
1063788068
1053259434
1054610571
1055062041
1064872891
1065338980
1055643648
1059044191
1064033181
1054679008
1061012556
1062789215
1059404631
1057890367
1037665023
1024855737
1065115583
1063312127
1057136839
1059406086
1055887628
1062618146
1061405143
1063697134
1061789769
1058583357
1064526294
1064044062
1035281351
1062237573
1061487628
1064139434
1057148588
1045139088
1062064107
1055959253
1063116305
1058871761
1045148723
1046688631
1026880301
1041494226
1057320531
1045578365
1048179108
1056595335
1049786836
1060144571
1061883293
1051176390
1049412262
1061131218
1061965068
1062632175
1054148221
1063113330
1058813836
1047179912
1064312774
1059364207
1059466227
1060180044
1059715742
1044746732
1061622900
1050545678
1059373370
1059977926
1047421028
1017184693
1049488666
1051447642
1034270047
1002621040
1018233392
1058151943
1057000991
1058579204
1042598823
1060942819
1059463532
1062840505
1060543779
1058598481
1049746598
1059971044
1060395802
1057817178
1046606700
1027494055
1012338393
1042902297
1062615308
1050299973
1039787591
1009490795
1057898306
1060705208
1061879382
1033228092
1059609664
1055057895
1064838143
1055612078
1056101731
1060313518
1060432671
1060558111
1058802412
1047139242
1052456979
1058870788
1060134416
1060377499
1039083967
1060478231
1060753987
1063497640
1054091272
1055631237
1045895364
1052871644
1062054896
1049973456
1060175377
1060368094
1053694506
1058275232
1051887277
1044805728
1061408901
1049697627
1062681059
1036088365
1049501625
1062631047
1064253697
1048985281
1058880276
1063381384
1036402492
1061877109
1057492453
1047482197
1060542299
1058845708
1064716196
1048834754
1058054705
1065126983
1048822802
1064969245
1060845525
1042235689
1057613184
1039293033
1063012051
1056697598
1026990628
1060703823
1062929615
1062387532
1062994019
1051486179
1057865055
1065212088
1042358682
1058217233
1060481594
1025911109
1047054238
1053753933
1055019138
1034964270
1028828567
1059502207
1057476388
1052259256
1063774631
1065087845
1065159566
1039127391
1059707566
1064361745
1063918990
1052014259
1052453057
1054541004
1016593867
1058580045
1046827918
1046181084
1058383064
1062066536
1038766213
1024569902
1058045774
1062381483
1057305991
1054822077
1064645757
1025447336
1061918664
1029778516
1061941076
1063306235
1051969884
1050657843
1056693142
1033894412
1007542710
1053250618
1049501371
1063010990
1051657833
1058996939
1058025377
1054968346
1050818778
1044255848
1041641315
1059675082
1057787591
1058047185
1055478516
1031214718
1064909722
1060947051
1051537796
1056801108
1057376581
1049873076
1061077333
1064386529
1050251732
1057679331
1059692153
1053426024
1062390550
1061503453
1058004854
1057675868
1055785645
1064014699
1059548104
1062320360
1065039862
1053006252
1057072071
1040228269
1049121152
1063934710
1054576939
1063871983
1062172192
1049517843
1061022786
1062995937
1061265656
1059946316
1058012421
1002913214
1061935310
1063966402
1061778605
1057322682
1065274881
1054122330
1054399449
1063422981
1039817445
1049150344
1032471411
1059961012
1051242668
1033121323
1061725250
1050223172
1058111706
1058636190
1057590681
1043394138
1033874307
1064999204
1058622344
1061588001
1065233299
1049830291
1062909041
1046556294
1058716706
1037049421
1061969755
1060494428
1055074647
1063901092
1063325822
1061620278
1057566508
1057125657
1059538130
1051867637
1034084123
1039732779
1033980141
1060214706
1059871407
1048693751
1050343890
1042793446
977277059
1062594103
1032207746
1049893285
1063783729
1053826226
1033305265
1060743622
1064256079
1035680957
1057927710
1055444055
1058497180
1040973393
1063279637
1062048406
1043046693
1062820263
1059823161
1061813757
1062851124
1041902730
1064629858
1033921841
1060402900
1064448450
1058321921
1027413930
1063264184
1047689068
1057201001
1053107642
1053142617
1056953699
1053950436
1065026313
1062691697
1049554577
1059713849
1009172524
1056710476
1062857092
1064103095
1055260467
1062414283
1047622959
1059821898
1057910355
1032459287
1053583649
1058149688
1061368158
1058506944
1043759665
1049793851
1062291512
1065011826
1050050245
1061188510
1056482061
1062108334
1054758848
1065075713
1065161374
1062249572
1041515171
1063633533
1058409337
1056850653
1064406353
1061031164
1036314679
1061788414
1029488608
1061017389
1046340374
1035550157
1041468881
1042973205
1042806583
1063971593
1065157692
1063232961
1052942376
1064492584
1015754687
1058532464
1043850726
1062748522
1033716944
1061776107
1040218542
1055241108
1064247404
1046644437
1064611246
1057012770
1043520207
1046389733
1038532448
1059117047
1040888079
1064710951
1055227284
1061718065
1061276016
1061094070
1053316485
1063416738
1061959877
1032515619
1057812324
1063221111
1063958307
1062796870
1060682257
1065132614
1049557536
1064716414
1032341076
1060524768
1058038444
1007598714
1054211696
1064127960
1062178529
1034222239
1031866726
1052317927
1062279977
1043567292
1061822083
1054627502
1062566831
1062369915
1042021073
1062253700
1058623785
1062544602
1053608239
1010019872
1053552870
1058525728
1017739852
1050005283
1032813466
1057695335
1058763882
1042889298
1053358324
1040779657
1048957209
1033151108
1056034844
1043870662
1059797132
1043107649
1048703672
1061802859
1061521763
1062525089
1062230159
1061785134
1047909379
1041355715
1045230045
1057129687
1050370586
1060313070
1059517621
1027012825
1056849331
1060709822
1057852030
1065149185
1057894822
1058832771
1060580388
1051566813
1056529356
1042860317
1053227114
1050826088
1039427627
1055945248
1042851047
1050942912
1037948623
1065040761
1041862960
1061136777
1062792678
1049684788
1060888000
1056624271
1059481886
1044084493
1059583109
1053152866
1060146077
1051819032
1065255157
1055257373
1062103467
1062878505
1042388341
1053872310
1042370850
1051435202
1064661474
1061506171
1037933313
1042416332
1049880382
1057668596
1049830105
1024966761
1060695013
1055837489
1038497023
1062731947
1058999161
1057443455
1036111977
1050880438
1049265646
1064672269
1062078807
1049857536
1063461282
1049819313
1057343081
1057270349
1063675292
1062827879
1051685150
1062997739
1064230438
1034338668
1062476084
975095829
1050217372
1056730975
1052495564
1054045158
1052274373
1064657477
1008221783
1051517215
1045874069
1061404100
1036032242
1044924272
1002159224
1061560394
994207392
1058292846
1061513514
1056870417
1045379741
1055198963
1039761256
1058020631
1051406753
1031237819
1061568911
1059669323
1054831120
1039536387
1058177303
1054375273
1063626004
1032526503
1021034690
1057874468
1060441962
1063541043
1050803622
1063281590
1061954149
1058486763
1042210019
1058217069
1061754248
1062819905
1061607997
1050099453
1063747312
1045400884
1055679135
1058552656
1057802789
1016954775
1052670901
1063041474
1058214206
1053999800
1048077379
1040252205
1051243334
1065274499
1032544193
1048096601
1060593606
1009071498
1056538720
1061025511
1040966776
1053717925
1058766107
1060641573
1061549264
1062359009
1064538123
1061714008
1064878489
1057424110
1051511248
1065054516
1058564670
994343390
1063098928
1061629639
1040124139
1062106270
1063352271
1052430190
1050599858
1053979534
1059737836
1041719051
1051826668
1057114111
1057497502
1064778409
1041112877
1062906388
1064279882
1058602798
1056077170
1061195248
1063566186
1042791958
1055383443
982555768
1050682267
1053786430
1050298930
1050399701
1064999682
1064444792
1064275071
1044942208
1060211148
1026840108
1058833254
1063276716
1035203427
1060235197
1039051372
1065138120
1059175842
1048932020
1054501555
1063943252
1061528763
1061117270
1057976048
1060663191
1050381281
1054026167
1052085385
1064378994
1050947429
968225879
1058125681
1064969588
994508663
1050341186
1047624827
1042513610
1054432870
1042129936
1042159336
1056618757
1057780647
1057176039
1062440585
1060780516
1041874671
1064116474
1063694685
1053098631
1065140756
1061321073
1063691449
1041725356
1055531678
1062063310
1060034473
1054989043
1057252854
1052015707
1041229683
1048948239
1055610792
1060042358
1060212975
1050013495
1064471093
1064849581
1061576193
1064806780
1052128470
1050253120
1051080744
1022661469
1058928286
1064106019
1041956968
1051478365
1051343923
1059680455
1059996426
1056546697
1045646943
1002848086
1063459827
1063190084
1061881545
1039408356
1054095852
1063428471
1062592477
1042854881
1064725046
1035444246
1062743950
1055004646
1032609784
1055358704
1062909781
1060099395
1043321140
1053586882
1063062676
1064485989
1057726848
1064305738
1043904408
1056193714
1064993269
1064490878
1039556192
1055230495
1046989571
1056570806
1036013628
1057782128
1062878565
1044146663
1058653840
1060944771
1044291523
1062802891
1059651117
1057701283
1059923479
1040277920
1061090418
1062382516
1000612643
1060346665
1027113254
1040919715
1057952192
1059324546
1044597797
1051609747
1063624793
3264970993
1120947742
1060031524
3131684015
1199686403
3249611762
3344420875
3378435553
1007468357
1125906939
1012089460
3134231958
945987081
3349599916
902766141
991628389
1100484394
989559560
3311054274
1016229372
1091765670
3338516872
3073881257
892453732
925459122
892977001
3156467669
3119591541
1032551087
3158881128
3231073676
3201374756
3087465661
957599642
3323886124
3146891821
3302264031
1180904113
1008220764
3297411376
911718568
1233722427
3219536896
979912801
1083349377
3164389823
1028751446
979455234
3327804587
1101247476
857909976
3238934051
3284474237
3294422298
3108279582
3147439712
3183213401
3340805972
3082544366
892108878
1089475055
3210894890
1157522653
3217467679
2989238258
3350187640
3123112434
1081174756
3135731884
3137409607
3211242547
996180548
981495204
3381284026
3308395833
930688361
1017687895
937966304
955701255
3050409868
1139902100
3233469991
920436003
3380336708
3100213183
909194423
941110830
1241955898
1160064083
972212931
891490199
3300658330
3297886677
3129752105
3141386999
989085589
3058494527
1024568022
1067549694
1093762765
917239108
3356744483
1121599608
937973814
992722249
1201838497
3144898902
3268532461
3253770169
3341173215
984168153
1187896140
3165989629
1014296650
1077635626
3052149671
881542565
3098044827
1074582013
3068096947
3368301943
991216402
978581857
1201508438
3045197641
3100195230
3200576498
3324363932
3237941465
1193617405
3152678249
3121983302
3151751463
1230498226
3350833348
3032017566
3074079126
1057013184
1176197868
3216695285
3298927315
1016787625
907095539
3157336573
3258972092
960899259
1043418220
3376870736
3235709322
932318931
3154854762
1035251258
1075271789
3240937678
3289709571
1095663115
3119035695
3263251038
3298546310
1229827477
1123204355
3293501207
1113592132
1178805242
1010235847
1222738791
1127519027
3379678360
3114455181
3372286190
3232700568
3354227079
3155977741
3273405902
3230252931
1032312723
1214116647
3222476493
3287508981
3232492410
859026872
1029305824
3096089203
1011242566
1026789652
3056564295
1041761581
1023713156
899636466
3289928379
966013270
3067373483
931561174
3324381834
3101076904
3054906979
905656708
3053047112
3301049460
1035912004
927502282
3216615766
3210892008
3306394189
1180824707
3108794933
1126142903
3126085343
1177548526
3323417125
1009950892
1048788932
1174293958
980034376
3121071154
930697961
3142784691
3315621486
3191027662
3178617029
3298694992
3222580729
1168000108
3062134886
1152455594
3104792303
959032733
3361155800
1079681883
3210850798
1036124092
3098402026
3267324570
1123582334
3162595438
3238104667
3236066048
1172331280
3272637795
1018075609
3295653068
3367317976
3213309919
3331067937
3273927252
984601290
1018212406
3039725307
3134749895
3359248846
3302115993
1032564024
1002005390
3121685504
1073718778
3268796002
897432171
3191002885
3325307255
841423615
892086114
3163094389
915837038
3163398618
3374342992
3060564400
977464356
1147177917
1181085806
957053722
3334135726
1111140527
1120108505
3292514813
998635993
1166219985
875344516
1134186302
3377513920
3252203362
993649093
1037340520
3383697126
3191528364
955900406
1141232348
956919972
980631349
3366254211
1185162525
3308116237
1105628516
3224770981
1179700031
3162651248
898125557
3232626364
1228474678
3316250145
3347949639
3274773272
1196758360
1183005791
980971038
1011023459
919078353
3070590879
858805288
947349094
3165181746
1150550618
1178210912
3281106147
1062033117
1142047877
1237516771
1152563409
3111287995
1034305072
1012598388
3213771434
1066302086
3066962704
3136896371
3389077604
990341375
900874798
1197861196
3181345916
1092322858
1077058149
3150166467
3256656337
3034526916
1078526955
3341157178
3175901673
1171926739
983112242
3188869904
3154067534
3278799957
3244000155
3387180329
1089236894
890554163
950782852
3330477468
3334346692
3089579842
951517759
1163629971
997837533
928797851
1109738446
3277711148
3088470528
930416027
3318171740
3070535226
3213164774
1027183529
956303758
917507029
1175671016
986140357
1063389565
1012597981
3175627751
3273129301
3282636983
1234332258
892368331
974707545
3332508401
896192366
3303411780
3126649160
883834716
893525648
961719557
988361625
1103795373
3236006498
3153858448
3163131472
1201746795
3203771768
1143281699
1180453027
3076590794
3177499662
924843369
1195979979
3247703256
3231214935
1149521464
3053589561
3264905488
3283525353
1183207146
1092539808
1142486217
1118541274
944320128
3115470853
3369689637
920825654
1057237395
937078741
1232235962
3251516504
3334995546
1231018363
3106602032
917209845
990228234
3259500224
3165060236
3296456954
3231773866
1187634901
3042590713
3059337726
914459299
3068526177
3130419312
3265062778
3152217760
974386764
3203165780
3349821448
3206282873
3389466700
3262216050
3342584447
881990703
1099193764
3223326971
977261308
3240053065
3252462644
3071291731
1161114514
3379392546
3383398327
3046495249
3169567370
1075489973
1126377710
1238364085
3252518023
3350178148
956696647
924709689
3368760639
1155726120
1045149904
3066399570
3079274845
3287586155
1196396964
991554813
985829410
1223869596
3380831280
3236699031
3235541638
3333154506
1017774702
3214826507
1016631293
3241790431
3389495323
3096933335
1067437792
3055813976
1067707953
3146960072
3224884124
1051340771
1096483818
3115171599
900757134
1064507353
3069790728
1026875396
3147696588
3060575110
3268158828
1065912001
3356780337
1059257001
1043520083
3112723217
3228784395
3351811367
910168661
3350120479
1175870879
922908374
3353688439
1062724733
1147183777
955920522
1067127655
3051379936
923278252
3181079756
1035305863
3036601798
897820898
3024961327
1196238191
1030867912
3186174564
3374948034
1039729280
975900487
1067258832
3099835623
1150657068
911289387
893694971
1003651065
3243048873
926208065
1033267616
987175236
3262985678
3165056802
1161213431
963270243
1125077832
3281064928
899226194
1116229263
990403713
1054419868
3063961335
1125889720
3069778616
946603701
3275471299
3076198458
1152866049
918959865
3322897282
3339773424
3347352939
1066469902
3309432203
1234889957
1017762729
3181140122
878781606
3038631761
1092401192
3259061858
3091142421
3096952042
934139448
1188031609
1067733744
1124972095
1238891855
1158163261
986730184
3180570261
3255284760
3031708166
3081535641
3188001634
3372836567
3292522692
1236694578
3218685366
1202526116
1139109103
3240020463
901380973
1110706596
1133721881
1196155467
3333659643
1119224973
3225281964
975054567
3271824599
3182142741
996777811
3186633894
949719379
3019395703
1169064770
3355754704
1229617799
1157900629
3071517178
1082800276
3239221560
3336189264
3324655382
3230690140
922409704
1191255932
3117385258
3247404513
3229711225
3125569872
949096666
1070437061
3258931867
3073077455
3201086065
3305503554
3314796652
1167025827
1150158050
885609510
3345422828
1123459102
922024263
3322209092
3257413754
1094887185
3213524845
954441140
3248162847
3166468560
3070661910
954344817
1064383344
3358535496
3096140301
1228911320
1149716637
1173099815
3106024718
927386014
1104686525
3250406555
3269222330
923204643
3074368792
967140672
3188757029
3040348388
1129781541
1096355017
3240780912
3129439206
3270072505
1026429253
1029776976
1156707589
1034539946
3311959975
3341705171
1143894705
1071870854
1160098549
900897408
3228631517
3294370724
1089002596
907217198
3130248261
985790683
899059616
3295738320
930182844
3232968572
1076906566
954338098
3113212178
3281955179
1012494688
973298395
3101310619
3315634275
971046356
1233956392
1013589999
3306393000
942709752
1001628808
1207648342
3146687049
3343019934
3214942552
1063833125
1200772018
916922174
3323344485
3231788804
1154970939
3094448500
3079968131
1193930445
1011958078
3072879498
3287638063
3241944060
1063020817
1225971327
3357871071
3076856446
3327168555
3112444063
3166704411
1082427731
896368802
939051031
1064284906
3200045779
3131466370
3234358481
3258183000
3301432996
1026439829
1002252954
3129531642
1228437788
904342697
3097297200
3259630408
3276787615
2963438326
1128791115
1152660224
923487519
1219865493
1072295115
3376325397
912027153
3039812057
3307404500
919575471
865976498
3242056572
3099929206
1030299040
3377589989
916334004
3353789578
3206061531
1230455853
883216375
1158252505
3060670033
3373458395
925518319
1206986653
879864462
3061956319
1192093341
3265401587
1086972118
957160743
3164276286
3350333462
1122621836
3349082559
3079410797
3177498855
3258145643
3239003750
1038663048
1194348594
1017003947
1210198727
998613577
1188980480
3189832994
1127400072
1092390009
1151469702
3240467067
3227429645
931550430
1202964650
1149510913
3096122510
3264995419
943615145
923569677
989288658
3246837818
3212908332
915016478
1125417914
3104549989
3231587642
1010433933
1097348459
3049527289
3191973087
943389520
3278562811
3060708857
983999982
3216346772
1108359764
3138952974
3212673835
3318784022
1024398291
3269335997
1124089180
1201257904
990023965
900582386
890506750
1106092965
1092126951
3338226963
931676965
1196772004
922980385
1027491352
894637491
890947663
955013263
962131003
890149041
3042005726
3038848552
3263143013
3053846109
3236528482
3303609424
3346455156
3350384880
1195335044
925583073
3028672380
3181563298
1235733731
3240316881
3308729657
3028864494
3212195059
3164013423
3352434762
1036347569
3015377743
3131051910
3029119542
1200331628
3389528296
3382817801
896247340
1057954361
3058647335
1208094339
3058179936
991874757
3362918549
1099221015
1028993781
1108984918
3211168863
929809861
3027057676
3337481776
1148491308
3193236007
984983897
3378033444
3360794505
3334691672
920037697
3352276049
3380687024
1069111742
1198965553
1113725136
958262489
1037507504
3303236658
3102597705
1236734608
1179168267
981185243
3044460017
3162505945
3066745696
1183804690
3071961690
3063152643
1053131414
3097470050
3327059594
3044872208
3061888838
1053920191
1041489746
1067156948
3219152471
1067521747
1067469966
1070341706
3217167530
1054207733
3194248156
1049284793
1058765328
1028877848
3181427290
3220445675
3194420498
1053061438
3199503724
1040428477
3203018681
1067860545
1074002484
1034536055
1075361032
1057560389
3190433751
3199407097
1042045664
1053604776
1064974802
1066939874
3162940433
1057703079
3217802515
1062795521
3207279226
1066241440
3173788865
1061331524
1058645706
1054696005
3213189554
3207849011
3219026668
3197253217
3212471094
1059251187
1063635719
1068995325
3210352751
3193098934
3201560586
1065039567
1062764542
3195644101
1057757935
3187930455
1059090547
3168369767
1068430454
1071949318
3215953949
3213722992
1043902682
3190268071
3196885168
3213637171
3213108403
1061453292
1077127688
3204425898
1068841985
1067155510
1047067434
3218192086
1075463479
1075654208
3203459322
3218249685
3208710874
3177329880
3214140967
3218268449
1068327241
1050289660
3211036592
1069995134
1071550262
1066052369
1071111682
1071260223
1073795537
3194036812
1075848166
3208317187
1066956502
3208700403
1064506791
1063073000
1068309329
1075298267
3182616566
1057596109
3216066600
1033162977
3208533614
3192411506
1071148039
3210300206
3196910743
1066308454
3215218610
1038359462
3199065968
1054855728
3215381419
1041463961
3178987661
3198127975
3219471823
1070680317
1026245393
1050876003
1070475847
3208268374
971879268
3199959496
3200223698
3234841037
3322851474
3181803351
1131987242
1045742087
959819094
3351407278
3183529684
3195792075
3188186951
3218392662
3206964707
1055276317
1026209583
3187276783
3198392580
1063701084
3204540899
3216455918
3181474522
1063243922
1039323718
3208948024
3216493144
1014187391
3207148666
3197693855
3186084378
1041188538
3216165395
1050849791
3206738407
1029200859
1048071987
3187106821
3193467994
1041687759
3199611647
3211719938
1051381700
1034448740
3151741170
1060430732
1043573303
3222959113
3200706082
3211871521
3214459666
3199400065
3205465859
3211090934
1058393759
3182332219
1075346686
1061328528
1041762718
1039722144
3194750159
3201632654
1067821100
1067756263
1059190179
1059310331
1066422779
1058771763
3217372651
1069312058
3215201663
3199739540
3201047534
1059359314
1070855998
1040169269
1070161174
1067805399
1066608698
1059036017
3180144356
3201159590
3217867212
1064256182
1073104115
1038641916
1052944719
3191624748
1069016674
3215667640
1030282523
1073488996
1068684568
1058908856
3217891115
3207767098
3219853862
3203023738
3215146371
3182286677
1067904630
3185187340
3204484558
1067848136
3180321225
3218536596
3205740503
3215819225
3208764153
3207445465
3212618294
1056014863
1062614794
1060356517
3214702498
1061116370
3214236991
3218080281
3196082667
1060001215
3211821355
1064335725
1050088799
1049672938
1059689411
1047867299
3213773897
3205196380
3207088382
1073690006
1050231631
3182244050
1071539805
3188678453
3199294932
1057329596
1065715244
1060887888
3218343919
3192196769
3204476443
3202444865
1048206769
1068104074
1073912809
3217998573
1064523802
3184448185
1052723125
1057426406
1070475247
1074919989
1063346671
1062937449
3201469128
1057691596
3221269977
3207535420
3200791432
1060045296
1065793067
3214815416
3211757091
3190345386
1068331902
1070687216
3205704111
3212408884
3191554830
3201683679
1064149472
1051027421
3201444228
1059513680
3133480689
3212950239
1071804040
3208264468
1062891279
3214410388
1066317514
3203368224
1054852149
1065406476
3204096950
3217345646
3206215730
1074016597
3214463297
1049885741
3151985222
3203175387
3197004367
3210064439
3207634396
1066802357
3208983569
3215360831
1066481857
1069972800
3188718362
1040598218
3211617268
1050044670
3216079761
1054232399
3186971151
1074890505
1063070904
1073126236
3210856553
1076440435
1068268716
3209857517
3205393615
1068959789
1062560815
1070413530
1073925830
3215704261
3213860023
3195181619
3213516763
1072423902
3204688647
3215529354
3211878835
3209894586
3219643537
1067043849
1053171918
3172859526
3191057405
1043106959
3185066765
3208420800
3219527753
3205161403
1070906458
3213413493
1045649908
3183072351
1030050209
1053504261
1061870202
3215731940
3222956215
3187832503
3198782405
3216460348
1060879961
1032790055
3213931203
3211896383
1072650398
1060275107
3219173158
3212174159
3163199811
1032821407
3204630413
3216276504
1056118330
1050311193
1053422491
1052938201
1050946000
3214513177
3186895057
1065821481
3207335191
1073052961
3204707984
1067120420
3157981124
3215304594
3200177709
3205589256
1066445549
3187272166
1058544341
1064524329
1066308212
3204770953
1048065057
3204179519
3197857535
3220072115
3191873952
3190354749
3192781681
3214026296
1056709471
3206010970
1050301334
3204739747
1065746277
1069369162
3217254815
3215805910
1061146726
3181898639
1065146158
1055220323
3215365911
1065308710
3205068454
3220576363
1059412860
3209956787
1061388997
3206838090
3209448625
1065418304
3130495235
3214794759
1058912105
3208281567
3191351034
1059098773
1074054972
3222451153
3204807554
3206647114
1065494482
3211614965
3221621379
1058518931
3212847866
1042510116
3171839256
3208769796
3220044831
1075138428
1066961337
3188589119
3177799760
3207016554
3210608813
3218000708
1059826468
1076646737
1058327025
1067331138
3188548340
1040557463
3214549288
3199539415
1050634671
3214192744
3197525546
1076641118
3213329791
3190940620
1064143834
3218418415
3223199713
3211870870
1066870577
1071152286
3201416282
3200918750
1041716609
3207128798
3190243815
3195298587
1062249344
1057797884
1057686914
1066813952
3178141566
3218473215
1050507470
3222819046
3213273552
1065359493
3196378784
3201637128
1058450282
1072188991
1069214845
3200170242
1072484806
3202387510
3219376522
1067342387
1068375324
3189081487
1065798704
1055686336
1065067886
3209305719
3213074539
1049232808
3176448757
1052946761
1049922569
3208227521
3211846887
3208480611
3215441447
3206457844
1040268414
1057908898
3219006505
3196857190
1049625115
1066706201
1035902312
1069124833
3195920031
3207454494
1062700592
3210615204
1054914081
1024667311
3181460428
3218195439
3221844029
3217112027
3208740593
1051775453
3183791537
1058644487
1063540037
1057714212
3182588562
1070075979
1074478390
3208561814
3195126128
1044709901
3220820120
1055831394
1060060021
1036589317
1066893838
1063311063
1072928572
3204668363
3207656432
3201432546
3221992265
3195711133
1032925473
1061709144
1048774745
1071458670
1067486529
3175347720
3203873375
3181374096
3210824374
3214334625
1037237911
1044605013
1070845286
1052305669
1044644057
1057043138
3222335734
1074818100
1071822080
3176044990
3206250361
3213804430
1071091729
1069019610
1056379465
3163700287
1055658349
1044186007
1040944007
3191489834
3214168791
1068206245
1045381647
3188531851
3197555123
3198799312
3197007086
1068283682
3221970342
3185038572
3218064108
1061435252
3199807027
1051939482
3202695159
3189340294
3217102340
1047683998
1068947145
1053726429
3196546943
1057877711
3213439307
1045204488
3192514398
3218518036
1051902474
3208331865
3198815808
1062122740
3206515305
1066146533
1065944253
1066975945
3204464001
1059462776
1054142004
1047277353
3205768585
3215594093
987696297
3213898536
3202676010
1049130022
1052040860
1051056073
1055830973
1062984288
3196165557
3215057594
1061914678
3212847743
1045016957
1052797343
1065457817
1062360147
3186586646
1069372868
3212793075
3200126996
1053027370
1067188051
1071863587
1064390242
3214384811
3207260144
3198423868
3188959625
1052645537
1051676993
1067599701
3219158708
3195927772
3217625303
3208496861
1049591683
1069235013
3189450653
1067624362
3219087674
3175117135
1021431832
1061040995
3210655175
3197903179
1058079744
3213419493
1068627684
1037088079
1058785268
3204913971
3209680303
1057874313
1067621062
3215221435
3216730704
1056095889
3199387088
1063250111
1066145755
3175223643
3212412811
3198153362
1063341500
1046656447
1053981622
3217872115
3206609241
3210496660
3208462314
3215644287
3206302292
1053361145
1057197268
1040700063
1046681777
1025683710
3205763368
3209876789
3197148276
1046633670
3199384288
1057590301
1077177071
3213785123
1012236086
1074068341
3214180174
1075045668
3197075999
1059267390
3213434887
3214419363
3193854956
1058789639
1058161130
1048437850
3194426949
3213712633
3206051195
1062572486
1040463947
3209537539
1035956376
3191314934
3220912029
3182867379
1073447417
3221613176
1057075055
3208277950
996159258
1057896704
1045408307
3197022362
1058658031
1069727057
3213371181
1053009554
1051025392
3216566106
3205877789
3220144078
1057865300
3170983097
1068871866
1047797755
3210248315
1063116079
3209714227
1065833932
3216473275
3198856277
1063993858
1064391124
3179511369
1061506995
3187163903
3217550963
3211131119
1059013884
1038615167
3213618984
3193295691
3184875703
1058067186
1067830495
3206415158
1051320948
1068707570
1058052695
3208180221
3206928140
1069148248
1055242476
1054513503
3215983004
3194782308
3189061304
3208740848
1060319991
1054160291
3195075140
1058686063
1073210106
1051264870
3190382686
1049329996
1050992403
1060054879
3203247842
1062968708
1066977648
3204790666
1065439554
3210780973
3191211056
1063014101
3208848969
1023590105
1068101230
3209373163
3208784740
3215225120
1045820343
3196949562
1040948916
3186918270
3213062486
1063354160
1029506267
1066497227
3217359023
3218708757
1068129897
1075810732
3200902823
1044839354
3206919586
3188710975
3204189307
1061423219
3194011622
3213097402
1020779663
3211240766
1074514635
3208725738
3200570142
3167345123
1054582978
1043658316
3205542656
3219709842
3190347395
3195884834
1042731800
3197176496
3208375927
1013195882
1054741692
3201714174
1063207027
3188642161
1068385907
1053592456
3186170752
3219282066
3201960697
3214410467
1064417464
1064411431
1063063675
3208322336
3197438221
3206759561
3215375585
3154700356
3202637879
1061532966
1043385874
3198530064
3196116029
3222226315
3147079867
1036032644
3209948402
3213544590
1070365213
1055507959
1057629399
1075028402
3196296021
1040416259
3221242086
3196896397
3214283982
3221838924
1069399751
1057331548
1051221880
3205775443
1069725563
3220373999
3179552487
1071320579
3219049377
1065853361
3205611204
1073004494
1043615575
1052114460
1067505646
1048580703
1063599774
1065701894
3179583433
1069903224
3216647359
3209334662
3211091763
3189224873
1046560550
1063933325
3179424174
3213105515
3204808462
1071078622
3198998230
3215216955
1045635036
3211372984
3207761451
3211632895
1061147712
3177352452
1051044911
1057108768
3197294204
1063879762
1061161005
3189247096
1053806807
1058750724
1054469659
1069799014
3201068796
1068069746
1060416565
3209021939
1063639303
1036785912
3209964124
3217993220
1072251219
1058988477
3185903363
3216666950
1065465102
3211409849
3213496968
1065070473
1049092005
3172473913
1047689048
3222268356
1066796785
1052361928
3223035294
3201085399
3194417370
1047058977
1051556490
1056970574
1059865583
3206758768
3196945713
3191115922
3189095122
3197469374
3205905671
1003674774
1069295538
1046406176
1058221575
1067571735
3213792077
1066669725
1066190937
3213018328
1061023355
1051333491
1062730473
3209461413
3204840298
1066776533
3208939166
1048760375
3207780631
3217633150
3196425828
1061108748
1056150907
1067688475
1057751153
1024322243
3205257153
3216362605
1065438834
3214613585
1022134072
1070375322
1060449465
1059352722
1054091778
1059345273
1057494256
3185684568
3216142486
3223651804
3192992364
3213782226
1072976195
1042045015
3194113997
1064099739
1055421009
1045875555
1058632833
3211903705
3193708143
3207058889
1041422777
3202293079
3207009539
3217819175
1052902568
3193259367
3212594135
1063725636
1061042481
3212391692
1066054948
3184871050
3204949121
3201330438
1052042848
1053709220
3211356685
1060433819
1031709983
3202143914
1055462768
3213775653
3214189936
1066750062
1050660191
1075907888
3213088237
1070398318
993816427
3216607584
1055651554
3217860937
3216789603
3197498834
3209369251
1066141668
3202657930
3193024965
3204981335
1073767680
1045786173
1061895106
3198372792
1059748931
1047631984
3215653313
1064138142
3209453839
1071662478
1065313289
1071080483
1059182413
3210042417
1054451053
3210390493
1065827212
3193269388
1068353228
3163030012
1067862352
3221622293
3210283468
1049780128
3202958593
1058569373
1073660458
3217378424
1048632161
3199998491
3189780383
3194503426
3212888641
1065593051
3218952891
1069889380
1062295436
1058601186
1044289447
3190166460
1062207699
3221558482
3213875698
1057070791
1068498020
3199496814
3207076366
1068925610
3172158880
1066027794
3216703346
3199592865
3191718467
3214906937
1061788971
3201012232
3217433717
1048784738
3202602450
1049307649
1048248172
1058113430
1069482967
3206125630
1054266465
3196586377
3213650168
1070640559
3209957122
1067702975
3207785983
3192172826
3210403392
1058156914
3219058815
1058217546
995733241
3206969845
1070917274
1057837818
1058504667
3215066204
1053214316
3204609050
1059800011
3213176201
1073663296
1063821996
1044659424
1330820655
3438352423
1311224078
1311708435
1309619057
3464023857
3450378528
3365403895
1225251911
3373014213
3370424663
1223319190
1236155797
1218171859
1243565165
3388018259
1226472087
3383481190
3357722099
1216393133
1233819573
1211788048
1241076143
3368765005
1168703015
1192941644
3382647421
1233714172
3368571300
3373378586
3374900421
3356150200
1212511062
1222952635
1228610068
1206599916
1228078627
3373575074
3366030077
1242556592
3386797837
3383747360
3367361818
3359106221
1241939011
1226812888
3373645029
3382222164
1218972353
1202314964
3340945551
3371703530
1220688941
3373415887
1233104743
3377830209
3375798115
1227778866
3360581442
3376530581
1234544035
3372962223
3380677991
3372420446
1220277957
3358675085
1215462952
1225256707
3375820339
3364664274
3380788064
1226653976
3382056905
1228802212
3375708479
3384726370
1234587109
3378898838
1208343334
1225780872
1234335033
3382590741
1225052765
1228379843
1233346124
3379207517
3351034822
1225597884
3386519537
1235224092
1218348152
3375806895
3367151990
1235167633
3377798324
1235618171
3356273400
1231244251
1241593399
3374104815
3350665640
3368129974
1228938868
3365968980
1227329071
1218471660
3360271745
3378521130
3381446213
3377467479
3392660562
3364991179
3367745573
3371207015
1234072504
3387255158
1227729479
1195936208
3365034382
3366690753
1238099305
3372427087
3382320611
1230446297
3366218284
3380267476
1231444013
3355567533
1221508452
1225683547
3379514713
1218377390
1215064572
3371593469
1209980486
3372691778
3382923159
1239584016
1232770602
1227178468
1233652551
1175614877
3370223418
3378455013
1235214269
1228465812
3367211194
1233760858
3387280976
1213747889
3373476546
3382094965
1235491043
1213639817
3391980919
3388353921
3375071592
3378247979
1200848968
1226131998
1237276535
1203434838
1223180336
1237633736
3371716541
1236260082
1198950590
1229461450
1226818753
1230030564
1233739451
1219447209
3376021454
3376151388
1235484031
1223163910
1220786584
1227003057
3382906727
3358747789
3390441021
1210609992
1237493277
1224544376
3323921603
3367348157
3383432347
1232383469
1231241334
3364550235
3385255757
3373899710
3374524745
3364949492
3380644193
1212382558
1225044613
3388884317
3377847474
3366773266
3386002055
3374379852
1210767571
1238565367
3382178682
1229132598
3365465749
3369364616
1211742649
1192914058
1197496842
1219584324
3346221400
3381668968
1212872284
1218730295
3373153830
3383903821
3382538579
1215188330
1218602708
3380388637
3377161305
1227049847
1241635287
1240866710
3376156055
3366555824
1235712710
3387859266
1230070672
1231493958
3361163241
1221732263
1222473550
1221512140
1238592585
3373553627
1229881806
1233446686
1231842986
3374985367
3380842523
1235494682
1229030141
1227398206
1225775358
3349398510
3374247536
1221757763
1211224190
1234861930
1241059921
1233899379
3377819836
1216964110
3375743078
3373054164
3373915321
3339057994
1221327671
1226027771
1225704313
3363770177
1216416205
1224044212
3363972844
1225023833
1219477991
3370627548
3376850213
3381591528
3389076387
3364438688
1233874217
3383266056
1236165281
1228351554
3367711243
3375035159
3374140610
1234910343
3376614545
3376272149
3376260606
3368317721
3372346779
1237763914
3375634824
3358003001
1235571324
1209110798
1239755097
3393367902
1231345627
1218126030
1221533928
3383979227
1230594457
1243636734
3359975313
1232866428
1210843054
1214525558
1222900676
1232618135
3381909637
1236669371
3384675703
3374694304
3385329054
1234288201
3381207107
3352118733
1219267313
1218320458
1234798854
1238836199
3372467430
1200262077
1206104031
1226918974
1205209316
1223885474
1228991664
3380493308
3383008316
3366879288
3373398353
3356869125
3388011479
1240668109
3382596245
1222359680
1220982747
1227564177
3374553037
3367423115
1225088230
3344683407
1234436247
3371241421
3380988343
3369817857
3373033705
3359949445
3377760461
1238237340
3372910128
3389714063
3367216417
1246854511
1230121855
1203784923
1214735640
1238334757
3380122600
1217861125
1191870455
1231238171
3350279457
3374386640
1222947312
3384054954
1233628711
3379596675
1208097775
1231267205
1245785151
3386043941
3333455213
3359825112
1242059858
1235014638
3381396205
1228940931
1204975399
1225176576
3373238893
1234393143
3389163233
1208827545
1221118998
3369680331
3365520312
3363860447
3382406074
1206719377
3370446222
1216712541
1210534038
1240542537
3388753269
3384636183
3364670595
1233688381
3342348023
3380780780
1217832019
1210285326
3376198973
3325797079
1216576021
3382921799
3348943606
1226097638
3348460113
3384720863
1230435580
1239723291
1200515767
1237887834
1226090881
1234212104
1200985353
3386648907
1213629554
1234610510
1235720794
1232658174
1232143162
3369392834
3384964047
3372733854
1234943180
3383715617
1235421500
1223767286
3359955154
1234232756
3381725491
3391210876
3349724010
3386829923
3382652815
1216984704
3373830811
3363859765
1230695145
3351749503
1224899086
3385124964
3368925193
3350178720
3376839175
1234578809
1221079525
1199795787
1243385271
1216525015
3376944737
1222080000
1218553016
3367266020
3369249278
3381715142
1214096850
3388029335
1233935317
1222267953
1223156895
1225863497
3373334586
1228515450
3372002711
3390841005
1195039495
1232261095
1233416590
3380960225
3370991694
1221328211
3369997587
3333588560
1216626015
1232453974
3389761846
1237169519
3354388461
3374365562
3375189663
3372730846
3382543230
1189732046
3345883792
3384202590
1233609876
1218466894
3391331713
1241780009
3364991972
1230194193
3372759111
3356499156
3378836514
1224335858
3390322817
1227092348
3374847844
3363623379
1239265039
3377848508
3366923702
1229594651
1208691750
1234074935
3372246617
3381497151
3381104316
3386541358
1242688426
3374493161
3372100803
1234486112
1242903826
1218831294
3377888219
3363028368
3336198713
1228645389
3360578146
1238056131
1210820852
1238059977
3371275998
1210204936
1223648899
3370456197
1240717297
3378445841
1226050195
1206216670
3368732415
1220720705
3370570699
1225600861
3389305466
1234079681
1224904349
3388656568
3385052376
1219493001
1196689285
1214763167
1210849880
3360272657
3383751682
1216964412
1205552407
1238332990
1203689384
3376712887
1217136416
3355582124
3345992239
3356474631
1238196246
3366898019
1224760447
3375215745
3338375082
1204329252
3378792522
1136216286
3377026042
3386957957
3376324912
1221830176
3386687040
1228879390
1221608137
1208892941
3389497365
3382640441
1235145968
3374224622
1233834031
3374225614
1236420907
3372377609
1234068634
1220032740
1223884980
1218847968
3382813929
1216883493
3371944132
1242618708
1203216299
1239928177
3377313730
1195469789
3384909145
3381819625
3356305252
3391913920
3383570632
3372858038
1227677116
3367554952
1234204505
1233248958
3385558354
3379870636
3372275344
3313132965
3372374107
1222159271
1234212373
1229882548
1219378115
1217849169
1220159449
1236421123
1235547014
3367498063
3389332185
3333360827
3383933726
1238860135
1237297975
3339798890
1232468420
1210810547
3379004063
3371034197
3355270875
1221637636
3378686319
1235272228
1230808192
1210775479
3348534592
3381142944
1224614212
3375296417
1225810546
1229265715
1228867186
1221028629
1218511894
1227476229
1219386440
3375604242
3355341036
3368592094
3364965062
3376723713
3382611357
1216578294
1223120307
3385545108
3387458870
3352590820
3365360531
1227963183
3382859674
1217927976
1169229963
3361897432
1228274394
1221169555
1227161591
3377783536
1235743010
1234972926
1236876235
3359719518
1234814203
1230763807
1228823969
3373581803
1227976184
1235658043
1231863048
1192999942
1231823106
1233944452
3380940877
1218818189
3389848749
1231440128
1227701730
3365501737
3366170045
3359479425
3378573991
1224133765
1226186994
1228837420
3382519285
1236231207
1239800382
3371964011
1218476798
1234810013
1210295313
1243618306
3373382120
1208058851
3370769805
1228219575
1234329393
3370391952
3389177254
1234200315
1214265631
1234549016
1227885146
1221147694
1233469182
1233390671
1235658705
3381583568
3383917951
3381930573
3373775713
1240285300
3362973452
1233134001
3363182937
1221788234
3380617496
3347978979
3381870342
1228667345
3379229608
3347769386
1224346042
3372962178
1246674851
3383552313
3386493840
1234894612
1201274801
1223016615
3390616756
1231948914
1212876997
3377851689
1216423051
3360802056
3381593990
1234903566
3356073205
1233199506
1235375342
3349298417
3337954237
3380500958
3376738153
3391351680
3372907112
1221807834
1233142299
1208655360
1197063605
1240047671
1231113974
1217822059
1230260120
1237955378
3386604301
3347943065
3379231769
1234345870
1231553988
3380635012
1228321062
3374634434
1223044243
1234918327
1213820448
3374689887
3386688549
1204509807
3381355132
1224086679
1209717950
3379845044
3381283770
1214756300
1220421003
1207999463
1225926511
3385745619
3358718241
3350065617
1218862533
1201982582
1214149801
1211534767
3367842708
3367636336
3372650249
3357017915
1232484661
3382904917
1226835393
1202870623
3361086737
1227023037
1231332288
1235309578
3356624850
1229491730
1229937989
1232468988
3374726788
1223228424
1228473600
3372817188
3357169952
3380040180
3353214385
1231162087
3382647646
1226772492
1191610728
3374059062
1223247251
3373983588
3359022615
3388736018
1236221028
1229104027
3374154123
1235359981
1222468220
3389124346
3381074462
3370583916
3385739576
3379548725
3357999656
1225880896
1213931669
3372963923
3380593854
3384711893
3386000424
3372739903
1229866909
1235875195
1222417585
3391952918
1208099814
3366519281
1232181746
1231364168
1237424440
3368654209
1225623739
3368731202
3378956341
3381050697
3363154520
3371556034
3353955278
1237619246
1210719817
3384715411
1233882608
3349187860
1211504454
1234613954
1238063529
1231243506
1207674433
3376884094
3382612267
1222330858
3377557756
3382087362
3352546909
1209425635
3374554217
1232300738
3379452366
1235260796
1233098143
3364209825
3392733016
3375686206
3353848730
3389074669
1180456742
3390082227
3376556138
1227430151
3380717507
3370487132
3374202647
1225704933
3376692377
3335570833
3389216961
3389755236
3361923316
1225850996
3294185917
1208582067
3368325336
3194697963
3216377341
3215469000
3217539941
1031512945
1061980389
3215990267
3173967745
1067546843
3200731717
1067231488
3211581007
1056989596
1053856759
1065575130
3202601918
1065364822
1073276766
1050158839
3156094847
1062198763
3206852670
3200859268
1042732378
1067247343
1050713930
1064132550
3202671605
3188161883
3182660205
1066623091
3183524905
3192431813
3196781252
1033784294
983881502
1055277787
1052388715
1065832645
3216126871
3177763515
3221929617
3218771222
3151738051
1051886555
1068324709
1057214543
3217336381
3206209622
1056401163
1057165733
3204545168
1056770915
1066492786
3217196647
3185693450
3209983981
1050797683
1068813079
1063172889
3185984646
1033392747
1039424629
1061310333
1060310778
3215593542
1052751840
1057406744
3181939167
1037371921
3215336305
3208628817
3211162700
1052083775
3197726305
3211112819
1057626726
1062580380
1058935133
3198627263
3218138614
3202679914
1057517873
3200705569
3216360618
3216276640
3205571213
3173728320
3219808492
3221552795
3219487680
1063546235
1055371598
3206931956
1065661503
1067661553
3211364451
1056923463
1062213470
3219481952
1062933021
1032927063
3218971390
3214572841
1034963281
3214186197
1021745767
3219537332
3217009481
3181480632
3189820657
3191291454
3206450994
3222551631
1037509057
1045472684
3205797560
3196674589
3133629145
3165426979
3210058440
1067061543
1037486458
1065696348
1073831942
1067038880
3220317036
1026342101
2967278589
2960118315
816144138
2945080379
2961706599
2966242761
805451921
1065353216
0
0
1065353216
1075838976
3217031168
1036831949
1050253722
841731191
1287568416
3226468352
1089994752
