# Vitis SSR FFT verification input
# raw STORED integers of ap_fixed<16,2>, unsigned two's-complement
# format:  <n_vectors> <n_samples>   then one 're im' pair per line, vector-major
12 16
17 913
2748 6330
5479 11747
8210 17164
10941 22581
13672 27998
16403 33415
19134 38832
21865 44249
24596 49666
27327 55083
30058 60500
32789 381
35520 5798
38251 11215
40982 16632
61415 10073
21230 19508
46581 28943
6396 38378
31747 47813
57098 57248
16913 1147
42264 10582
2079 20017
27430 29452
52781 38887
12596 48322
37947 57757
63298 1656
23113 11091
48464 20526
16384 0
0 0
0 0
0 49152
0 0
0 0
0 0
0 0
0 0
0 0
0 0
0 0
0 0
0 0
0 0
0 0
12345 55660
12345 55660
12345 55660
12345 55660
12345 55660
12345 55660
12345 55660
12345 55660
12345 55660
12345 55660
12345 55660
12345 55660
12345 55660
12345 55660
12345 55660
12345 55660
32768 32767
32767 32768
32768 32767
32767 32768
32768 32767
32767 32768
32768 32767
32767 32768
32768 32767
32767 32768
32768 32767
32767 32768
32768 32767
32767 32768
32768 32767
32767 32768
32768 32768
32768 32768
32768 32768
32768 32768
32768 32768
32768 32768
32768 32768
32768 32768
32768 32768
32768 32768
32768 32768
32768 32768
32768 32768
32768 32768
32768 32768
32768 32768
32767 32767
32767 32767
32767 32767
32767 32767
32767 32767
32767 32767
32767 32767
32767 32767
32767 32767
32767 32767
32767 32767
32767 32767
32767 32767
32767 32767
32767 32767
32767 32767
32768 32767
32768 32767
32768 32767
32768 32767
32768 32767
32768 32767
32768 32767
32768 32767
32767 32768
32767 32768
32767 32768
32767 32768
32767 32768
32767 32768
32767 32768
32767 32768
65461 30441
57636 14318
49811 63731
41986 47608
34161 31485
26336 15362
18511 64775
10686 48652
2861 32529
60572 16406
52747 283
44922 49696
37097 33573
29272 17450
21447 1327
13622 50740
32019 12777
49324 32890
1093 53003
18398 7580
35703 27693
53008 47806
4777 2383
22082 22496
39387 42609
56692 62722
8461 17299
25766 37412
43071 57525
60376 12102
12145 32215
29450 52328
32768 0
8191 32767
16382 8186
24573 12279
32768 16372
40955 32767
49146 24558
57337 28651
32768 32744
8183 32767
16374 40930
24565 45023
32768 49116
40947 32767
49138 57302
57329 61395
32767 0
0 32768
0 0
32767 0
0 32768
0 0
32767 0
0 32768
0 0
32767 0
0 32768
0 0
32767 0
0 32768
0 0
32767 0
