# Vitis SSR FFT verification output
# raw STORED integers of ap_fixed<21,7>, unsigned two's-complement
# out_W out_I n_vectors n_samples
21 7 12 16
65848 9288
1983521 41418
50942 1902000
2083448 17361
352 44048
2086806 2007867
6542 2082060
43115 38590
2075304 2053816
2088913 2074552
80834 21104
2085550 2087997
2053104 352
133624 2081667
36434 15796
1903151 216756
27064 48184
2087301 2029
2066945 136095
25259 18527
49392 2027872
2037967 1979475
2086833 1904413
2042633 103169
2090952 2087208
42119 2066779
2095071 118561
46785 5109
2035360 49392
2059493 1966053
17807 160451
2094603 70763
16384 2080768
1248 2090882
4799 11585
22654 15136
32768 0
22654 2082016
4799 2085567
1248 6270
16384 16384
31520 6270
27969 2085567
10114 2082016
0 0
10114 15136
27969 11585
31520 2090882
197520 1939136
0 0
0 0
0 0
0 0
0 0
0 0
0 0
0 0
0 0
0 0
0 0
0 0
0 0
0 0
0 0
2097144 2097144
1767680 2031616
1780716 131072
2031616 98080
1572864 0
2053364 2031616
1780716 1966080
2031616 13036
1572872 524280
13036 2031616
54292 131072
2031616 2053364
0 0
98080 2031616
54292 1966080
2031616 1767680
1572864 1572864
389632 1966080
76780 1758228
393216 196160
1572864 0
2009576 1966080
1911788 2020372
1966080 26072
0 0
26072 1966080
2020372 1911788
1966080 2009576
0 1572864
196160 393216
1758228 76780
1966080 389632
524272 524272
0 0
0 0
0 0
0 0
0 0
0 0
0 0
0 0
0 0
0 0
0 0
0 0
0 0
0 0
0 0
2097144 2097144
1899646 131961
1873398 92682
2047886 179884
0 0
2042490 2086277
2004470 2058762
2005368 52322
0 0
2070902 2057865
2058762 2004470
1976956 2064238
0 0
16274 2015345
92682 1873398
1834118 62852
2074456 59624
52103 12669
57559 228753
2025555 2303
60512 848
61205 2097027
61735 91811
2028265 2095649
2028680 63448
63015 2094481
63465 35087
2030075 2093103
1899696 126048
65725 2090671
67641 1995293
2039177 2080305
33000 2093704
59355 37277
2083299 2085105
2080605 2058253
1994416 108608
139239 126255
45811 2070371
72325 72639
2024248 101240
44011 69705
70525 2064271
2074249 116409
2054080 1928880
132883 2036203
130189 2049533
56981 2060347
1965984 179944
56476 1981089
1910182 1994859
2062946 1956003
2080904 98320
2035779 2041722
1975671 2079642
1995295 2016610
1966112 1982408
2067938 2016629
1956490 36789
2027452 2041715
1851320 2064416
2000287 1956048
2021977 214182
1909603 1981160
196602 1933312
2007996 2090922
2018042 2050810
2054338 45510
2097151 32767
28605 182467
2037239 2031619
17734 35126
0 32768
2093626 2076234
13574 46340
42812 1986108
65535 2064385
64073 2072901
125449 2031615
2079416 1996492
