# Vitis BLAS gemv verification output -- alpha/beta overload
# yr = alpha*(M x) + beta*y ; IEEE-754 bit patterns; logParEntries=2
# columns: ab_index case row yr_bits
# n_cases M N n_ab logP
4 4 64 6 2
0 0 0 1096554186
0 0 1 1097290844
0 0 2 1098169834
0 0 3 1097460285
0 1 0 3395627888
0 1 1 1227785309
0 1 2 3374004521
0 1 3 1235633202
0 2 0 0
0 2 1 0
0 2 2 0
0 2 3 0
0 3 0 1115684864
0 3 1 1136119285
0 3 2 1143459317
0 3 3 1148433646
1 0 0 1060458117
1 0 1 1053418363
1 0 2 1055936350
1 0 3 1044983351
1 1 0 3469934611
1 1 1 1292476721
1 1 2 1318567838
1 1 3 1310400193
1 2 0 2969969512
1 2 1 2959109065
1 2 2 2964243276
1 2 3 2957611306
1 3 0 1066318650
1 3 1 1067256756
1 3 2 3163038375
1 3 3 1017955749
2 0 0 1107644007
2 0 1 1108227856
2 0 2 1108747716
2 0 3 1108411553
2 1 0 1327345875
2 1 1 3444358527
2 1 2 3471036399
2 1 3 3462913613
2 2 0 826881308
2 2 1 816337111
2 2 2 822284921
2 2 3 815213792
2 3 0 1126061006
2 3 1 1147489193
2 3 2 1154597438
2 3 3 1159221395
3 0 0 1070285929
3 0 1 1070085261
3 0 2 1070977302
3 0 3 1069722912
3 1 0 3455934752
3 1 1 1277521316
3 1 2 1303777633
3 1 3 1295664681
3 2 0 2954950474
3 2 1 2944837395
3 2 2 2949756713
3 2 3 2943476070
3 3 0 1087865150
3 3 1 1108640788
3 3 2 1116093393
3 3 3 1120074338
4 0 0 1283921283
4 0 1 1276537650
4 0 2 1278413696
4 0 3 1268114468
4 1 0 3692901661
4 1 1 1515001228
4 1 2 1541545846
4 1 3 1533486498
4 2 0 3192381876
4 2 1 3181851882
4 2 2 3187815776
4 2 3 3180735965
4 3 0 1289007025
4 3 1 1290404912
4 3 2 3385514885
4 3 3 1241561511
5 0 0 3256671746
5 0 1 3257908037
5 0 2 3258469760
5 0 3 3258447660
5 1 0 3494656389
5 1 1 1317342529
5 1 2 1343424899
5 1 3 1335239685
5 2 0 2994860621
5 2 1 2983815275
5 2 2 2989051186
5 2 3 2982364321
5 3 0 3276233642
5 3 1 3298043664
5 3 2 3305658727
5 3 3 3309699172
